Year,Territorio,Comarca,Municipio,Units,GeoCode,Value
2022,,,,Por 10.000,,39.9
2020,,,,Por 10.000,,33.7
2019,,,,Por 10.000,,36.2
2021,,,,Por 10.000,,34.3
2023,,,,Por 10.000,,42.5
2023,,,Abadiño,Por 10.000,Abadiño,20.3
2020,,,Abadiño,Por 10.000,Abadiño,18.1
2022,,,Abadiño,Por 10.000,Abadiño,23.1
2021,,,Abadiño,Por 10.000,Abadiño,31.0
2019,,,Abadiño,Por 10.000,Abadiño,28.4
2021,,,Abaltzisketa,Por 10.000,Abaltzisketa,0.0
2019,,,Abaltzisketa,Por 10.000,Abaltzisketa,0.0
2020,,,Abaltzisketa,Por 10.000,Abaltzisketa,71.4
2023,,,Abaltzisketa,Por 10.000,Abaltzisketa,0.0
2022,,,Abaltzisketa,Por 10.000,Abaltzisketa,0.0
2022,,,Abanto y Ciérvana-Abanto Zierbena,Por 10.000,Abanto y Ciérvana-Abanto Zierbena,53.2
2023,,,Abanto y Ciérvana-Abanto Zierbena,Por 10.000,Abanto y Ciérvana-Abanto Zierbena,55.3
2020,,,Abanto y Ciérvana-Abanto Zierbena,Por 10.000,Abanto y Ciérvana-Abanto Zierbena,50.3
2021,,,Abanto y Ciérvana-Abanto Zierbena,Por 10.000,Abanto y Ciérvana-Abanto Zierbena,52.9
2019,,,Abanto y Ciérvana-Abanto Zierbena,Por 10.000,Abanto y Ciérvana-Abanto Zierbena,33.4
2023,,,Aduna,Por 10.000,Aduna,0.0
2019,,,Aduna,Por 10.000,Aduna,0.0
2022,,,Aduna,Por 10.000,Aduna,0.0
2021,,,Aduna,Por 10.000,Aduna,0.0
2020,,,Aduna,Por 10.000,Aduna,132.7
2021,,,Agurain/Salvatierra,Por 10.000,Agurain/Salvatierra,19.4
2020,,,Agurain/Salvatierra,Por 10.000,Agurain/Salvatierra,49.7
2022,,,Agurain/Salvatierra,Por 10.000,Agurain/Salvatierra,31.1
2019,,,Agurain/Salvatierra,Por 10.000,Agurain/Salvatierra,22.6
2023,,,Agurain/Salvatierra,Por 10.000,Agurain/Salvatierra,57.9
2023,,,Aia,Por 10.000,Aia,19.8
2022,,,Aia,Por 10.000,Aia,0.0
2019,,,Aia,Por 10.000,Aia,32.3
2021,,,Aia,Por 10.000,Aia,0.0
2020,,,Aia,Por 10.000,Aia,31.6
2023,,,Aizarnazabal,Por 10.000,Aizarnazabal,0.0
2022,,,Aizarnazabal,Por 10.000,Aizarnazabal,0.0
2020,,,Aizarnazabal,Por 10.000,Aizarnazabal,0.0
2019,,,Aizarnazabal,Por 10.000,Aizarnazabal,0.0
2021,,,Aizarnazabal,Por 10.000,Aizarnazabal,26.2
2022,,,Ajangiz,Por 10.000,Ajangiz,0.0
2019,,,Ajangiz,Por 10.000,Ajangiz,0.0
2020,,,Ajangiz,Por 10.000,Ajangiz,0.0
2021,,,Ajangiz,Por 10.000,Ajangiz,0.0
2023,,,Ajangiz,Por 10.000,Ajangiz,0.0
2022,,,Albiztur,Por 10.000,Albiztur,0.0
2021,,,Albiztur,Por 10.000,Albiztur,0.0
2019,,,Albiztur,Por 10.000,Albiztur,0.0
2023,,,Albiztur,Por 10.000,Albiztur,64.9
2020,,,Albiztur,Por 10.000,Albiztur,0.0
2023,,,Alegia,Por 10.000,Alegia,34.2
2019,,,Alegia,Por 10.000,Alegia,46.8
2022,,,Alegia,Por 10.000,Alegia,23.1
2020,,,Alegia,Por 10.000,Alegia,23.0
2021,,,Alegia,Por 10.000,Alegia,23.3
2022,,,Alegría-Dulantzi,Por 10.000,Alegría-Dulantzi,51.4
2019,,,Alegría-Dulantzi,Por 10.000,Alegría-Dulantzi,26.5
2023,,,Alegría-Dulantzi,Por 10.000,Alegría-Dulantzi,26.0
2021,,,Alegría-Dulantzi,Por 10.000,Alegría-Dulantzi,32.7
2020,,,Alegría-Dulantzi,Por 10.000,Alegría-Dulantzi,39.5
2023,,,Alkiza,Por 10.000,Alkiza,0.0
2022,,,Alkiza,Por 10.000,Alkiza,0.0
2019,,,Alkiza,Por 10.000,Alkiza,0.0
2021,,,Alkiza,Por 10.000,Alkiza,0.0
2020,,,Alkiza,Por 10.000,Alkiza,0.0
2021,,,Alonsotegi,Por 10.000,Alonsotegi,59.4
2020,,,Alonsotegi,Por 10.000,Alonsotegi,20.1
2023,,,Alonsotegi,Por 10.000,Alonsotegi,19.9
2022,,,Alonsotegi,Por 10.000,Alonsotegi,26.3
2019,,,Alonsotegi,Por 10.000,Alonsotegi,53.9
2019,,,Altzaga,Por 10.000,Altzaga,0.0
2021,,,Altzaga,Por 10.000,Altzaga,0.0
2020,,,Altzaga,Por 10.000,Altzaga,0.0
2022,,,Altzaga,Por 10.000,Altzaga,0.0
2023,,,Altzaga,Por 10.000,Altzaga,0.0
2023,,,Altzo,Por 10.000,Altzo,0.0
2020,,,Altzo,Por 10.000,Altzo,0.0
2022,,,Altzo,Por 10.000,Altzo,0.0
2021,,,Altzo,Por 10.000,Altzo,0.0
2019,,,Altzo,Por 10.000,Altzo,0.0
2019,,,Amezketa,Por 10.000,Amezketa,0.0
2021,,,Amezketa,Por 10.000,Amezketa,22.3
2022,,,Amezketa,Por 10.000,Amezketa,0.0
2020,,,Amezketa,Por 10.000,Amezketa,22.5
2023,,,Amezketa,Por 10.000,Amezketa,0.0
2020,,,Amorebieta-Etxano,Por 10.000,Amorebieta-Etxano,25.8
2023,,,Amorebieta-Etxano,Por 10.000,Amorebieta-Etxano,33.5
2022,,,Amorebieta-Etxano,Por 10.000,Amorebieta-Etxano,40.8
2021,,,Amorebieta-Etxano,Por 10.000,Amorebieta-Etxano,25.6
2019,,,Amorebieta-Etxano,Por 10.000,Amorebieta-Etxano,26.0
2023,,,Amoroto,Por 10.000,Amoroto,0.0
2022,,,Amoroto,Por 10.000,Amoroto,0.0
2020,,,Amoroto,Por 10.000,Amoroto,0.0
2019,,,Amoroto,Por 10.000,Amoroto,48.1
2021,,,Amoroto,Por 10.000,Amoroto,0.0
2020,,,Amurrio,Por 10.000,Amurrio,30.3
2021,,,Amurrio,Por 10.000,Amurrio,17.1
2022,,,Amurrio,Por 10.000,Amurrio,32.3
2019,,,Amurrio,Por 10.000,Amurrio,26.6
2023,,,Amurrio,Por 10.000,Amurrio,36.1
2020,,,Andoain,Por 10.000,Andoain,32.1
2023,,,Andoain,Por 10.000,Andoain,39.2
2022,,,Andoain,Por 10.000,Andoain,44.5
2019,,,Andoain,Por 10.000,Andoain,30.7
2021,,,Andoain,Por 10.000,Andoain,25.6
2019,,,Anoeta,Por 10.000,Anoeta,10.2
2022,,,Anoeta,Por 10.000,Anoeta,19.2
2020,,,Anoeta,Por 10.000,Anoeta,29.9
2021,,,Anoeta,Por 10.000,Anoeta,29.3
2023,,,Anoeta,Por 10.000,Anoeta,9.7
2021,,,Antzuola,Por 10.000,Antzuola,18.6
2020,,,Antzuola,Por 10.000,Antzuola,18.5
2019,,,Antzuola,Por 10.000,Antzuola,36.4
2023,,,Antzuola,Por 10.000,Antzuola,18.5
2022,,,Antzuola,Por 10.000,Antzuola,9.3
2021,,,Añana,Por 10.000,Añana,0.0
2019,,,Añana,Por 10.000,Añana,0.0
2023,,,Añana,Por 10.000,Añana,0.0
2020,,,Añana,Por 10.000,Añana,0.0
2022,,,Añana,Por 10.000,Añana,0.0
2022,,,Arakaldo,Por 10.000,Arakaldo,0.0
2020,,,Arakaldo,Por 10.000,Arakaldo,0.0
2019,,,Arakaldo,Por 10.000,Arakaldo,0.0
2023,,,Arakaldo,Por 10.000,Arakaldo,0.0
2021,,,Arakaldo,Por 10.000,Arakaldo,0.0
2023,,,Arama,Por 10.000,Arama,0.0
2021,,,Arama,Por 10.000,Arama,0.0
2020,,,Arama,Por 10.000,Arama,0.0
2022,,,Arama,Por 10.000,Arama,0.0
2019,,,Arama,Por 10.000,Arama,0.0
2020,,,Aramaio,Por 10.000,Aramaio,0.0
2022,,,Aramaio,Por 10.000,Aramaio,0.0
2019,,,Aramaio,Por 10.000,Aramaio,0.0
2021,,,Aramaio,Por 10.000,Aramaio,14.0
2023,,,Aramaio,Por 10.000,Aramaio,14.4
2023,,,Arantzazu,Por 10.000,Arantzazu,152.3
2021,,,Arantzazu,Por 10.000,Arantzazu,49.5
2022,,,Arantzazu,Por 10.000,Arantzazu,0.0
2020,,,Arantzazu,Por 10.000,Arantzazu,0.0
2019,,,Arantzazu,Por 10.000,Arantzazu,161.3
2023,,,Areatza,Por 10.000,Areatza,61.5
2019,,,Areatza,Por 10.000,Areatza,63.9
2021,,,Areatza,Por 10.000,Areatza,30.9
2022,,,Areatza,Por 10.000,Areatza,31.3
2020,,,Areatza,Por 10.000,Areatza,62.2
2021,,,Aretxabaleta,Por 10.000,Aretxabaleta,16.9
2019,,,Aretxabaleta,Por 10.000,Aretxabaleta,5.7
2022,,,Aretxabaleta,Por 10.000,Aretxabaleta,25.2
2020,,,Aretxabaleta,Por 10.000,Aretxabaleta,14.2
2023,,,Aretxabaleta,Por 10.000,Aretxabaleta,16.6
2019,,,Armiñón,Por 10.000,Armiñón,0.0
2021,,,Armiñón,Por 10.000,Armiñón,0.0
2023,,,Armiñón,Por 10.000,Armiñón,92.6
2020,,,Armiñón,Por 10.000,Armiñón,0.0
2022,,,Armiñón,Por 10.000,Armiñón,0.0
2022,,,Arraia-Maeztu,Por 10.000,Arraia-Maeztu,0.0
2021,,,Arraia-Maeztu,Por 10.000,Arraia-Maeztu,55.7
2019,,,Arraia-Maeztu,Por 10.000,Arraia-Maeztu,31.1
2020,,,Arraia-Maeztu,Por 10.000,Arraia-Maeztu,29.7
2023,,,Arraia-Maeztu,Por 10.000,Arraia-Maeztu,26.5
2019,,,Arrankudiaga-Zollo,Por 10.000,Arrankudiaga-Zollo,19.6
2020,,,Arrankudiaga-Zollo,Por 10.000,Arrankudiaga-Zollo,0.0
2022,,,Arrankudiaga-Zollo,Por 10.000,Arrankudiaga-Zollo,39.7
2023,,,Arrankudiaga-Zollo,Por 10.000,Arrankudiaga-Zollo,39.7
2021,,,Arrankudiaga-Zollo,Por 10.000,Arrankudiaga-Zollo,38.7
2022,,,Arrasate/Mondragón,Por 10.000,Arrasate/Mondragón,44.4
2019,,,Arrasate/Mondragón,Por 10.000,Arrasate/Mondragón,32.1
2021,,,Arrasate/Mondragón,Por 10.000,Arrasate/Mondragón,27.1
2020,,,Arrasate/Mondragón,Por 10.000,Arrasate/Mondragón,19.7
2023,,,Arrasate/Mondragón,Por 10.000,Arrasate/Mondragón,50.5
2019,,,Arratzu,Por 10.000,Arratzu,0.0
2022,,,Arratzu,Por 10.000,Arratzu,0.0
2020,,,Arratzu,Por 10.000,Arratzu,0.0
2021,,,Arratzu,Por 10.000,Arratzu,0.0
2023,,,Arratzu,Por 10.000,Arratzu,0.0
2022,,,Arratzua-Ubarrundia,Por 10.000,Arratzua-Ubarrundia,59.9
2020,,,Arratzua-Ubarrundia,Por 10.000,Arratzua-Ubarrundia,41.9
2019,,,Arratzua-Ubarrundia,Por 10.000,Arratzua-Ubarrundia,21.4
2021,,,Arratzua-Ubarrundia,Por 10.000,Arratzua-Ubarrundia,0.0
2023,,,Arratzua-Ubarrundia,Por 10.000,Arratzua-Ubarrundia,19.6
2022,,,Arrieta,Por 10.000,Arrieta,0.0
2019,,,Arrieta,Por 10.000,Arrieta,0.0
2021,,,Arrieta,Por 10.000,Arrieta,0.0
2023,,,Arrieta,Por 10.000,Arrieta,0.0
2020,,,Arrieta,Por 10.000,Arrieta,36.1
2019,,,Arrigorriaga,Por 10.000,Arrigorriaga,21.2
2023,,,Arrigorriaga,Por 10.000,Arrigorriaga,49.8
2022,,,Arrigorriaga,Por 10.000,Arrigorriaga,36.6
2020,,,Arrigorriaga,Por 10.000,Arrigorriaga,40.6
2021,,,Arrigorriaga,Por 10.000,Arrigorriaga,36.1
2020,,,Artea,Por 10.000,Artea,27.9
2021,,,Artea,Por 10.000,Artea,0.0
2022,,,Artea,Por 10.000,Artea,106.1
2023,,,Artea,Por 10.000,Artea,79.6
2019,,,Artea,Por 10.000,Artea,0.0
2019,,,Artzentales,Por 10.000,Artzentales,30.5
2021,,,Artzentales,Por 10.000,Artzentales,29.4
2020,,,Artzentales,Por 10.000,Artzentales,0.0
2022,,,Artzentales,Por 10.000,Artzentales,30.2
2023,,,Artzentales,Por 10.000,Artzentales,59.2
2020,,,Artziniega,Por 10.000,Artziniega,20.9
2023,,,Artziniega,Por 10.000,Artziniega,176.7
2022,,,Artziniega,Por 10.000,Artziniega,41.7
2021,,,Artziniega,Por 10.000,Artziniega,10.6
2019,,,Artziniega,Por 10.000,Artziniega,41.4
2023,,,Asparrena,Por 10.000,Asparrena,61.1
2021,,,Asparrena,Por 10.000,Asparrena,48.1
2020,,,Asparrena,Por 10.000,Asparrena,73.7
2019,,,Asparrena,Por 10.000,Asparrena,25.0
2022,,,Asparrena,Por 10.000,Asparrena,36.8
2021,,,Asteasu,Por 10.000,Asteasu,13.5
2019,,,Asteasu,Por 10.000,Asteasu,52.3
2022,,,Asteasu,Por 10.000,Asteasu,27.1
2020,,,Asteasu,Por 10.000,Asteasu,13.2
2023,,,Asteasu,Por 10.000,Asteasu,0.0
2021,,,Astigarraga,Por 10.000,Astigarraga,25.5
2020,,,Astigarraga,Por 10.000,Astigarraga,38.3
2023,,,Astigarraga,Por 10.000,Astigarraga,45.3
2022,,,Astigarraga,Por 10.000,Astigarraga,30.0
2019,,,Astigarraga,Por 10.000,Astigarraga,37.5
2021,,,Ataun,Por 10.000,Ataun,12.2
2020,,,Ataun,Por 10.000,Ataun,47.9
2023,,,Ataun,Por 10.000,Ataun,0.0
2019,,,Ataun,Por 10.000,Ataun,23.8
2022,,,Ataun,Por 10.000,Ataun,12.3
2022,,,Atxondo,Por 10.000,Atxondo,28.9
2020,,,Atxondo,Por 10.000,Atxondo,0.0
2019,,,Atxondo,Por 10.000,Atxondo,14.2
2023,,,Atxondo,Por 10.000,Atxondo,29.1
2021,,,Atxondo,Por 10.000,Atxondo,14.6
2020,,,Aulesti,Por 10.000,Aulesti,0.0
2022,,,Aulesti,Por 10.000,Aulesti,0.0
2023,,,Aulesti,Por 10.000,Aulesti,0.0
2019,,,Aulesti,Por 10.000,Aulesti,0.0
2021,,,Aulesti,Por 10.000,Aulesti,0.0
2022,,,Ayala/Aiara,Por 10.000,Ayala/Aiara,20.9
2021,,,Ayala/Aiara,Por 10.000,Ayala/Aiara,20.8
2020,,,Ayala/Aiara,Por 10.000,Ayala/Aiara,0.0
2023,,,Ayala/Aiara,Por 10.000,Ayala/Aiara,20.7
2019,,,Ayala/Aiara,Por 10.000,Ayala/Aiara,20.6
2023,,,Azkoitia,Por 10.000,Azkoitia,15.2
2022,,,Azkoitia,Por 10.000,Azkoitia,27.1
2021,,,Azkoitia,Por 10.000,Azkoitia,11.9
2020,,,Azkoitia,Por 10.000,Azkoitia,27.1
2019,,,Azkoitia,Por 10.000,Azkoitia,6.8
2021,,,Azpeitia,Por 10.000,Azpeitia,17.2
2019,,,Azpeitia,Por 10.000,Azpeitia,10.7
2022,,,Azpeitia,Por 10.000,Azpeitia,9.2
2023,,,Azpeitia,Por 10.000,Azpeitia,17.1
2020,,,Azpeitia,Por 10.000,Azpeitia,18.5
2020,,,Bakio,Por 10.000,Bakio,59.4
2022,,,Bakio,Por 10.000,Bakio,56.2
2021,,,Bakio,Por 10.000,Bakio,57.1
2023,,,Bakio,Por 10.000,Bakio,49.4
2019,,,Bakio,Por 10.000,Bakio,38.1
2019,,,Baliarrain,Por 10.000,Baliarrain,0.0
2023,,,Baliarrain,Por 10.000,Baliarrain,0.0
2020,,,Baliarrain,Por 10.000,Baliarrain,0.0
2022,,,Baliarrain,Por 10.000,Baliarrain,0.0
2021,,,Baliarrain,Por 10.000,Baliarrain,0.0
2020,,,Balmaseda,Por 10.000,Balmaseda,40.3
2021,,,Balmaseda,Por 10.000,Balmaseda,35.0
2023,,,Balmaseda,Por 10.000,Balmaseda,47.7
2019,,,Balmaseda,Por 10.000,Balmaseda,33.1
2022,,,Balmaseda,Por 10.000,Balmaseda,40.3
2023,,,Baños de Ebro/Mañueta,Por 10.000,Baños de Ebro/Mañueta,0.0
2022,,,Baños de Ebro/Mañueta,Por 10.000,Baños de Ebro/Mañueta,0.0
2021,,,Baños de Ebro/Mañueta,Por 10.000,Baños de Ebro/Mañueta,73.0
2019,,,Baños de Ebro/Mañueta,Por 10.000,Baños de Ebro/Mañueta,0.0
2020,,,Baños de Ebro/Mañueta,Por 10.000,Baños de Ebro/Mañueta,146.0
2019,,,Barakaldo,Por 10.000,Barakaldo,41.8
2023,,,Barakaldo,Por 10.000,Barakaldo,60.0
2021,,,Barakaldo,Por 10.000,Barakaldo,46.3
2020,,,Barakaldo,Por 10.000,Barakaldo,40.0
2022,,,Barakaldo,Por 10.000,Barakaldo,47.8
2022,,,Barrika,Por 10.000,Barrika,39.0
2021,,,Barrika,Por 10.000,Barrika,64.9
2019,,,Barrika,Por 10.000,Barrika,0.0
2020,,,Barrika,Por 10.000,Barrika,13.4
2023,,,Barrika,Por 10.000,Barrika,25.7
2021,,,Barrundia,Por 10.000,Barrundia,24.3
2023,,,Barrundia,Por 10.000,Barrundia,0.0
2022,,,Barrundia,Por 10.000,Barrundia,49.1
2019,,,Barrundia,Por 10.000,Barrundia,23.9
2020,,,Barrundia,Por 10.000,Barrundia,48.2
2019,,,Basauri,Por 10.000,Basauri,41.6
2021,,,Basauri,Por 10.000,Basauri,28.6
2023,,,Basauri,Por 10.000,Basauri,40.6
2022,,,Basauri,Por 10.000,Basauri,31.6
2020,,,Basauri,Por 10.000,Basauri,34.0
2022,,,Beasain,Por 10.000,Beasain,46.6
2020,,,Beasain,Por 10.000,Beasain,21.8
2021,,,Beasain,Por 10.000,Beasain,35.1
2019,,,Beasain,Por 10.000,Beasain,20.4
2023,,,Beasain,Por 10.000,Beasain,40.5
2019,,,Bedia,Por 10.000,Bedia,17.7
2021,,,Bedia,Por 10.000,Bedia,35.2
2020,,,Bedia,Por 10.000,Bedia,0.0
2023,,,Bedia,Por 10.000,Bedia,86.5
2022,,,Bedia,Por 10.000,Bedia,0.0
2023,,,Beizama,Por 10.000,Beizama,0.0
2021,,,Beizama,Por 10.000,Beizama,0.0
2019,,,Beizama,Por 10.000,Beizama,0.0
2020,,,Beizama,Por 10.000,Beizama,0.0
2022,,,Beizama,Por 10.000,Beizama,0.0
2023,,,Belauntza,Por 10.000,Belauntza,67.6
2022,,,Belauntza,Por 10.000,Belauntza,0.0
2019,,,Belauntza,Por 10.000,Belauntza,0.0
2021,,,Belauntza,Por 10.000,Belauntza,0.0
2020,,,Belauntza,Por 10.000,Belauntza,0.0
2021,,,Berango,Por 10.000,Berango,18.3
2020,,,Berango,Por 10.000,Berango,21.2
2022,,,Berango,Por 10.000,Berango,28.1
2023,,,Berango,Por 10.000,Berango,15.2
2019,,,Berango,Por 10.000,Berango,21.5
2023,,,Berantevilla,Por 10.000,Berantevilla,0.0
2020,,,Berantevilla,Por 10.000,Berantevilla,126.1
2021,,,Berantevilla,Por 10.000,Berantevilla,43.1
2019,,,Berantevilla,Por 10.000,Berantevilla,43.1
2022,,,Berantevilla,Por 10.000,Berantevilla,0.0
2019,,,Berastegi,Por 10.000,Berastegi,0.0
2021,,,Berastegi,Por 10.000,Berastegi,0.0
2022,,,Berastegi,Por 10.000,Berastegi,18.9
2020,,,Berastegi,Por 10.000,Berastegi,0.0
2023,,,Berastegi,Por 10.000,Berastegi,0.0
2023,,,Bergara,Por 10.000,Bergara,32.3
2020,,,Bergara,Por 10.000,Bergara,16.1
2019,,,Bergara,Por 10.000,Bergara,23.9
2021,,,Bergara,Por 10.000,Bergara,44.7
2022,,,Bergara,Por 10.000,Bergara,44.6
2020,,,Bermeo,Por 10.000,Bermeo,60.6
2019,,,Bermeo,Por 10.000,Bermeo,43.1
2022,,,Bermeo,Por 10.000,Bermeo,34.0
2023,,,Bermeo,Por 10.000,Bermeo,54.5
2021,,,Bermeo,Por 10.000,Bermeo,43.3
2023,,,Bernedo,Por 10.000,Bernedo,45.0
2019,,,Bernedo,Por 10.000,Bernedo,0.0
2021,,,Bernedo,Por 10.000,Bernedo,0.0
2022,,,Bernedo,Por 10.000,Bernedo,0.0
2020,,,Bernedo,Por 10.000,Bernedo,0.0
2020,,,Berriatua,Por 10.000,Berriatua,17.4
2022,,,Berriatua,Por 10.000,Berriatua,17.9
2021,,,Berriatua,Por 10.000,Berriatua,35.1
2019,,,Berriatua,Por 10.000,Berriatua,0.0
2023,,,Berriatua,Por 10.000,Berriatua,0.0
2019,,,Berriz,Por 10.000,Berriz,21.4
2023,,,Berriz,Por 10.000,Berriz,30.8
2020,,,Berriz,Por 10.000,Berriz,34.9
2022,,,Berriz,Por 10.000,Berriz,30.8
2021,,,Berriz,Por 10.000,Berriz,8.8
2022,,,Berrobi,Por 10.000,Berrobi,0.0
2019,,,Berrobi,Por 10.000,Berrobi,33.6
2020,,,Berrobi,Por 10.000,Berrobi,34.0
2023,,,Berrobi,Por 10.000,Berrobi,35.6
2021,,,Berrobi,Por 10.000,Berrobi,34.5
2020,,,Bidania-Goiatz,Por 10.000,Bidania-Goiatz,38.0
2021,,,Bidania-Goiatz,Por 10.000,Bidania-Goiatz,0.0
2022,,,Bidania-Goiatz,Por 10.000,Bidania-Goiatz,0.0
2023,,,Bidania-Goiatz,Por 10.000,Bidania-Goiatz,0.0
2019,,,Bidania-Goiatz,Por 10.000,Bidania-Goiatz,0.0
2021,,,Bilbao,Por 10.000,Bilbao,31.1
2023,,,Bilbao,Por 10.000,Bilbao,41.8
2022,,,Bilbao,Por 10.000,Bilbao,36.7
2019,,,Bilbao,Por 10.000,Bilbao,39.0
2020,,,Bilbao,Por 10.000,Bilbao,35.6
2019,,,Busturia,Por 10.000,Busturia,48.9
2020,,,Busturia,Por 10.000,Busturia,60.3
2022,,,Busturia,Por 10.000,Busturia,11.8
2023,,,Busturia,Por 10.000,Busturia,24.0
2021,,,Busturia,Por 10.000,Busturia,35.5
2023,,,Campezo/Kanpezu,Por 10.000,Campezo/Kanpezu,38.8
2020,,,Campezo/Kanpezu,Por 10.000,Campezo/Kanpezu,0.0
2022,,,Campezo/Kanpezu,Por 10.000,Campezo/Kanpezu,0.0
2021,,,Campezo/Kanpezu,Por 10.000,Campezo/Kanpezu,0.0
2019,,,Campezo/Kanpezu,Por 10.000,Campezo/Kanpezu,0.0
2019,,,Deba,Por 10.000,Deba,7.4
2022,,,Deba,Por 10.000,Deba,22.0
2023,,,Deba,Por 10.000,Deba,33.0
2021,,,Deba,Por 10.000,Deba,25.6
2020,,,Deba,Por 10.000,Deba,11.0
2022,,,Derio,Por 10.000,Derio,40.5
2021,,,Derio,Por 10.000,Derio,27.7
2019,,,Derio,Por 10.000,Derio,26.7
2023,,,Derio,Por 10.000,Derio,66.4
2020,,,Derio,Por 10.000,Derio,22.9
2021,,,Dima,Por 10.000,Dima,28.1
2023,,,Dima,Por 10.000,Dima,41.3
2020,,,Dima,Por 10.000,Dima,69.7
2022,,,Dima,Por 10.000,Dima,0.0
2019,,,Dima,Por 10.000,Dima,14.1
2021,,,Donostia / San Sebastián,Por 10.000,Donostia / San Sebastián,30.9
2019,,,Donostia / San Sebastián,Por 10.000,Donostia / San Sebastián,38.1
2023,,,Donostia / San Sebastián,Por 10.000,Donostia / San Sebastián,40.5
2022,,,Donostia / San Sebastián,Por 10.000,Donostia / San Sebastián,40.7
2020,,,Donostia / San Sebastián,Por 10.000,Donostia / San Sebastián,33.1
2019,,,Durango,Por 10.000,Durango,31.4
2022,,,Durango,Por 10.000,Durango,39.0
2020,,,Durango,Por 10.000,Durango,27.2
2021,,,Durango,Por 10.000,Durango,27.9
2023,,,Durango,Por 10.000,Durango,35.8
2021,,,Ea,Por 10.000,Ea,25.0
2023,,,Ea,Por 10.000,Ea,0.0
2020,,,Ea,Por 10.000,Ea,50.5
2019,,,Ea,Por 10.000,Ea,25.2
2022,,,Ea,Por 10.000,Ea,0.0
2020,,,Eibar,Por 10.000,Eibar,41.2
2019,,,Eibar,Por 10.000,Eibar,28.4
2022,,,Eibar,Por 10.000,Eibar,64.7
2023,,,Eibar,Por 10.000,Eibar,50.5
2021,,,Eibar,Por 10.000,Eibar,43.7
2021,,,Elantxobe,Por 10.000,Elantxobe,0.0
2019,,,Elantxobe,Por 10.000,Elantxobe,56.8
2023,,,Elantxobe,Por 10.000,Elantxobe,0.0
2022,,,Elantxobe,Por 10.000,Elantxobe,0.0
2020,,,Elantxobe,Por 10.000,Elantxobe,0.0
2021,,,Elburgo/Burgelu,Por 10.000,Elburgo/Burgelu,0.0
2020,,,Elburgo/Burgelu,Por 10.000,Elburgo/Burgelu,0.0
2022,,,Elburgo/Burgelu,Por 10.000,Elburgo/Burgelu,64.7
2023,,,Elburgo/Burgelu,Por 10.000,Elburgo/Burgelu,0.0
2019,,,Elburgo/Burgelu,Por 10.000,Elburgo/Burgelu,0.0
2023,,,Elciego,Por 10.000,Elciego,20.0
2019,,,Elciego,Por 10.000,Elciego,18.8
2022,,,Elciego,Por 10.000,Elciego,20.0
2020,,,Elciego,Por 10.000,Elciego,0.0
2021,,,Elciego,Por 10.000,Elciego,19.6
2021,,,Elduain,Por 10.000,Elduain,82.6
2023,,,Elduain,Por 10.000,Elduain,0.0
2022,,,Elduain,Por 10.000,Elduain,80.0
2019,,,Elduain,Por 10.000,Elduain,0.0
2020,,,Elduain,Por 10.000,Elduain,166.7
2022,,,Elgeta,Por 10.000,Elgeta,0.0
2021,,,Elgeta,Por 10.000,Elgeta,0.0
2019,,,Elgeta,Por 10.000,Elgeta,55.8
2023,,,Elgeta,Por 10.000,Elgeta,18.5
2020,,,Elgeta,Por 10.000,Elgeta,0.0
2019,,,Elgoibar,Por 10.000,Elgoibar,27.4
2022,,,Elgoibar,Por 10.000,Elgoibar,39.8
2020,,,Elgoibar,Por 10.000,Elgoibar,34.4
2021,,,Elgoibar,Por 10.000,Elgoibar,39.7
2023,,,Elgoibar,Por 10.000,Elgoibar,32.7
2021,,,Elorrio,Por 10.000,Elorrio,10.6
2020,,,Elorrio,Por 10.000,Elorrio,13.2
2022,,,Elorrio,Por 10.000,Elorrio,15.9
2023,,,Elorrio,Por 10.000,Elorrio,37.0
2019,,,Elorrio,Por 10.000,Elorrio,18.5
2021,,,Elvillar/Bilar,Por 10.000,Elvillar/Bilar,0.0
2019,,,Elvillar/Bilar,Por 10.000,Elvillar/Bilar,54.6
2020,,,Elvillar/Bilar,Por 10.000,Elvillar/Bilar,55.9
2023,,,Elvillar/Bilar,Por 10.000,Elvillar/Bilar,0.0
2022,,,Elvillar/Bilar,Por 10.000,Elvillar/Bilar,57.5
2020,,,Erandio,Por 10.000,Erandio,39.9
2019,,,Erandio,Por 10.000,Erandio,75.5
2023,,,Erandio,Por 10.000,Erandio,59.8
2022,,,Erandio,Por 10.000,Erandio,66.7
2021,,,Erandio,Por 10.000,Erandio,55.4
2021,,,Ereño,Por 10.000,Ereño,0.0
2023,,,Ereño,Por 10.000,Ereño,0.0
2022,,,Ereño,Por 10.000,Ereño,80.6
2019,,,Ereño,Por 10.000,Ereño,0.0
2020,,,Ereño,Por 10.000,Ereño,0.0
2019,,,Ermua,Por 10.000,Ermua,14.9
2020,,,Ermua,Por 10.000,Ermua,18.7
2022,,,Ermua,Por 10.000,Ermua,42.0
2021,,,Ermua,Por 10.000,Ermua,31.6
2023,,,Ermua,Por 10.000,Ermua,36.8
2023,,,Errenteria,Por 10.000,Errenteria,47.5
2019,,,Errenteria,Por 10.000,Errenteria,55.9
2021,,,Errenteria,Por 10.000,Errenteria,59.5
2022,,,Errenteria,Por 10.000,Errenteria,52.0
2020,,,Errenteria,Por 10.000,Errenteria,37.6
2021,,,Errezil,Por 10.000,Errezil,0.0
2022,,,Errezil,Por 10.000,Errezil,0.0
2020,,,Errezil,Por 10.000,Errezil,36.8
2023,,,Errezil,Por 10.000,Errezil,0.0
2019,,,Errezil,Por 10.000,Errezil,0.0
2022,,,Erriberagoitia/Ribera Alta,Por 10.000,Erriberagoitia/Ribera Alta,0.0
2019,,,Erriberagoitia/Ribera Alta,Por 10.000,Erriberagoitia/Ribera Alta,56.8
2020,,,Erriberagoitia/Ribera Alta,Por 10.000,Erriberagoitia/Ribera Alta,27.1
2021,,,Erriberagoitia/Ribera Alta,Por 10.000,Erriberagoitia/Ribera Alta,52.5
2023,,,Erriberagoitia/Ribera Alta,Por 10.000,Erriberagoitia/Ribera Alta,0.0
2023,,,Errigoiti,Por 10.000,Errigoiti,43.7
2022,,,Errigoiti,Por 10.000,Errigoiti,43.9
2021,,,Errigoiti,Por 10.000,Errigoiti,45.2
2019,,,Errigoiti,Por 10.000,Errigoiti,45.0
2020,,,Errigoiti,Por 10.000,Errigoiti,90.5
2022,,,Eskoriatza,Por 10.000,Eskoriatza,43.5
2023,,,Eskoriatza,Por 10.000,Eskoriatza,43.3
2019,,,Eskoriatza,Por 10.000,Eskoriatza,14.7
2021,,,Eskoriatza,Por 10.000,Eskoriatza,53.5
2020,,,Eskoriatza,Por 10.000,Eskoriatza,4.9
2019,,,Etxebarri,Por 10.000,Etxebarri,24.5
2022,,,Etxebarri,Por 10.000,Etxebarri,25.3
2023,,,Etxebarri,Por 10.000,Etxebarri,30.2
2021,,,Etxebarri,Por 10.000,Etxebarri,24.0
2020,,,Etxebarri,Por 10.000,Etxebarri,45.0
2019,,,Etxebarria,Por 10.000,Etxebarria,26.0
2023,,,Etxebarria,Por 10.000,Etxebarria,0.0
2020,,,Etxebarria,Por 10.000,Etxebarria,27.3
2022,,,Etxebarria,Por 10.000,Etxebarria,57.5
2021,,,Etxebarria,Por 10.000,Etxebarria,0.0
2021,,,Ezkio-Itsaso,Por 10.000,Ezkio-Itsaso,0.0
2019,,,Ezkio-Itsaso,Por 10.000,Ezkio-Itsaso,0.0
2022,,,Ezkio-Itsaso,Por 10.000,Ezkio-Itsaso,33.2
2020,,,Ezkio-Itsaso,Por 10.000,Ezkio-Itsaso,0.0
2023,,,Ezkio-Itsaso,Por 10.000,Ezkio-Itsaso,0.0
2023,,,Forua,Por 10.000,Forua,0.0
2021,,,Forua,Por 10.000,Forua,0.0
2020,,,Forua,Por 10.000,Forua,21.6
2022,,,Forua,Por 10.000,Forua,83.7
2019,,,Forua,Por 10.000,Forua,0.0
2020,,,Fruiz,Por 10.000,Fruiz,0.0
2022,,,Fruiz,Por 10.000,Fruiz,70.7
2019,,,Fruiz,Por 10.000,Fruiz,0.0
2021,,,Fruiz,Por 10.000,Fruiz,0.0
2023,,,Fruiz,Por 10.000,Fruiz,69.7
2022,,,Gabiria,Por 10.000,Gabiria,0.0
2023,,,Gabiria,Por 10.000,Gabiria,44.1
2020,,,Gabiria,Por 10.000,Gabiria,0.0
2019,,,Gabiria,Por 10.000,Gabiria,0.0
2021,,,Gabiria,Por 10.000,Gabiria,0.0
2021,,,Gaintza,Por 10.000,Gaintza,0.0
2020,,,Gaintza,Por 10.000,Gaintza,0.0
2019,,,Gaintza,Por 10.000,Gaintza,0.0
2022,,,Gaintza,Por 10.000,Gaintza,0.0
2023,,,Gaintza,Por 10.000,Gaintza,0.0
2023,,,Galdakao,Por 10.000,Galdakao,33.4
2019,,,Galdakao,Por 10.000,Galdakao,33.5
2020,,,Galdakao,Por 10.000,Galdakao,30.2
2022,,,Galdakao,Por 10.000,Galdakao,28.1
2021,,,Galdakao,Por 10.000,Galdakao,28.8
2019,,,Galdames,Por 10.000,Galdames,24.7
2022,,,Galdames,Por 10.000,Galdames,102.0
2021,,,Galdames,Por 10.000,Galdames,25.5
2020,,,Galdames,Por 10.000,Galdames,0.0
2023,,,Galdames,Por 10.000,Galdames,76.1
2019,,,Gamiz-Fika,Por 10.000,Gamiz-Fika,14.1
2022,,,Gamiz-Fika,Por 10.000,Gamiz-Fika,14.4
2020,,,Gamiz-Fika,Por 10.000,Gamiz-Fika,14.4
2023,,,Gamiz-Fika,Por 10.000,Gamiz-Fika,0.0
2021,,,Gamiz-Fika,Por 10.000,Gamiz-Fika,0.0
2019,,,Garai,Por 10.000,Garai,0.0
2023,,,Garai,Por 10.000,Garai,0.0
2022,,,Garai,Por 10.000,Garai,0.0
2020,,,Garai,Por 10.000,Garai,0.0
2021,,,Garai,Por 10.000,Garai,0.0
2022,,,Gatika,Por 10.000,Gatika,12.2
2023,,,Gatika,Por 10.000,Gatika,24.7
2021,,,Gatika,Por 10.000,Gatika,0.0
2020,,,Gatika,Por 10.000,Gatika,48.2
2019,,,Gatika,Por 10.000,Gatika,12.1
2021,,,Gautegiz Arteaga,Por 10.000,Gautegiz Arteaga,46.2
2022,,,Gautegiz Arteaga,Por 10.000,Gautegiz Arteaga,0.0
2020,,,Gautegiz Arteaga,Por 10.000,Gautegiz Arteaga,23.7
2023,,,Gautegiz Arteaga,Por 10.000,Gautegiz Arteaga,44.7
2019,,,Gautegiz Arteaga,Por 10.000,Gautegiz Arteaga,0.0
2021,,,Gaztelu,Por 10.000,Gaztelu,0.0
2023,,,Gaztelu,Por 10.000,Gaztelu,0.0
2019,,,Gaztelu,Por 10.000,Gaztelu,0.0
2020,,,Gaztelu,Por 10.000,Gaztelu,0.0
2022,,,Gaztelu,Por 10.000,Gaztelu,0.0
2023,,,Gernika-Lumo,Por 10.000,Gernika-Lumo,25.0
2022,,,Gernika-Lumo,Por 10.000,Gernika-Lumo,34.3
2020,,,Gernika-Lumo,Por 10.000,Gernika-Lumo,43.4
2019,,,Gernika-Lumo,Por 10.000,Gernika-Lumo,48.1
2021,,,Gernika-Lumo,Por 10.000,Gernika-Lumo,32.1
2020,,,Getaria,Por 10.000,Getaria,14.2
2021,,,Getaria,Por 10.000,Getaria,14.1
2022,,,Getaria,Por 10.000,Getaria,41.9
2019,,,Getaria,Por 10.000,Getaria,14.1
2023,,,Getaria,Por 10.000,Getaria,13.9
2020,,,Getxo,Por 10.000,Getxo,21.0
2023,,,Getxo,Por 10.000,Getxo,27.4
2022,,,Getxo,Por 10.000,Getxo,37.0
2019,,,Getxo,Por 10.000,Getxo,29.2
2021,,,Getxo,Por 10.000,Getxo,21.0
2021,,,Gizaburuaga,Por 10.000,Gizaburuaga,0.0
2020,,,Gizaburuaga,Por 10.000,Gizaburuaga,0.0
2019,,,Gizaburuaga,Por 10.000,Gizaburuaga,103.1
2023,,,Gizaburuaga,Por 10.000,Gizaburuaga,0.0
2022,,,Gizaburuaga,Por 10.000,Gizaburuaga,204.1
2023,,,Gordexola,Por 10.000,Gordexola,36.7
2019,,,Gordexola,Por 10.000,Gordexola,12.1
2022,,,Gordexola,Por 10.000,Gordexola,0.0
2021,,,Gordexola,Por 10.000,Gordexola,24.3
2020,,,Gordexola,Por 10.000,Gordexola,48.4
2021,,,Gorliz,Por 10.000,Gorliz,48.5
2023,,,Gorliz,Por 10.000,Gorliz,16.1
2019,,,Gorliz,Por 10.000,Gorliz,3.3
2020,,,Gorliz,Por 10.000,Gorliz,35.8
2022,,,Gorliz,Por 10.000,Gorliz,41.7
2021,,,Güeñes,Por 10.000,Güeñes,23.5
2019,,,Güeñes,Por 10.000,Güeñes,26.6
2023,,,Güeñes,Por 10.000,Güeñes,20.2
2020,,,Güeñes,Por 10.000,Güeñes,23.6
2022,,,Güeñes,Por 10.000,Güeñes,61.0
2023,,,Harana/Valle de Arana,Por 10.000,Harana/Valle de Arana,0.0
2020,,,Harana/Valle de Arana,Por 10.000,Harana/Valle de Arana,0.0
2019,,,Harana/Valle de Arana,Por 10.000,Harana/Valle de Arana,0.0
2021,,,Harana/Valle de Arana,Por 10.000,Harana/Valle de Arana,0.0
2022,,,Harana/Valle de Arana,Por 10.000,Harana/Valle de Arana,202.0
2020,,,Hernani,Por 10.000,Hernani,25.0
2021,,,Hernani,Por 10.000,Hernani,39.1
2022,,,Hernani,Por 10.000,Hernani,42.9
2023,,,Hernani,Por 10.000,Hernani,39.3
2019,,,Hernani,Por 10.000,Hernani,41.9
2022,,,Hernialde,Por 10.000,Hernialde,0.0
2019,,,Hernialde,Por 10.000,Hernialde,0.0
2020,,,Hernialde,Por 10.000,Hernialde,66.2
2023,,,Hernialde,Por 10.000,Hernialde,0.0
2021,,,Hernialde,Por 10.000,Hernialde,0.0
2022,,,Hondarribia,Por 10.000,Hondarribia,24.3
2020,,,Hondarribia,Por 10.000,Hondarribia,25.7
2019,,,Hondarribia,Por 10.000,Hondarribia,37.4
2021,,,Hondarribia,Por 10.000,Hondarribia,17.4
2023,,,Hondarribia,Por 10.000,Hondarribia,45.3
2021,,,Ibarra,Por 10.000,Ibarra,19.1
2023,,,Ibarra,Por 10.000,Ibarra,24.2
2022,,,Ibarra,Por 10.000,Ibarra,62.7
2020,,,Ibarra,Por 10.000,Ibarra,37.3
2019,,,Ibarra,Por 10.000,Ibarra,27.6
2019,,,Ibarrangelu,Por 10.000,Ibarrangelu,0.0
2023,,,Ibarrangelu,Por 10.000,Ibarrangelu,0.0
2020,,,Ibarrangelu,Por 10.000,Ibarrangelu,62.9
2022,,,Ibarrangelu,Por 10.000,Ibarrangelu,0.0
2021,,,Ibarrangelu,Por 10.000,Ibarrangelu,29.7
2019,,,Idiazabal,Por 10.000,Idiazabal,0.0
2023,,,Idiazabal,Por 10.000,Idiazabal,34.6
2021,,,Idiazabal,Por 10.000,Idiazabal,26.2
2020,,,Idiazabal,Por 10.000,Idiazabal,0.0
2022,,,Idiazabal,Por 10.000,Idiazabal,17.4
2022,,,Igorre,Por 10.000,Igorre,56.4
2021,,,Igorre,Por 10.000,Igorre,23.3
2023,,,Igorre,Por 10.000,Igorre,79.0
2019,,,Igorre,Por 10.000,Igorre,27.9
2020,,,Igorre,Por 10.000,Igorre,32.5
2023,,,Ikaztegieta,Por 10.000,Ikaztegieta,0.0
2021,,,Ikaztegieta,Por 10.000,Ikaztegieta,0.0
2019,,,Ikaztegieta,Por 10.000,Ikaztegieta,0.0
2022,,,Ikaztegieta,Por 10.000,Ikaztegieta,0.0
2020,,,Ikaztegieta,Por 10.000,Ikaztegieta,0.0
2020,,,Irun,Por 10.000,Irun,43.9
2021,,,Irun,Por 10.000,Irun,51.8
2023,,,Irun,Por 10.000,Irun,67.1
2022,,,Irun,Por 10.000,Irun,63.2
2019,,,Irun,Por 10.000,Irun,49.3
2022,,,Iruña Oka/Iruña de Oca,Por 10.000,Iruña Oka/Iruña de Oca,64.4
2020,,,Iruña Oka/Iruña de Oca,Por 10.000,Iruña Oka/Iruña de Oca,41.1
2019,,,Iruña Oka/Iruña de Oca,Por 10.000,Iruña Oka/Iruña de Oca,29.2
2021,,,Iruña Oka/Iruña de Oca,Por 10.000,Iruña Oka/Iruña de Oca,23.7
2023,,,Iruña Oka/Iruña de Oca,Por 10.000,Iruña Oka/Iruña de Oca,63.7
2023,,,Irura,Por 10.000,Irura,0.0
2022,,,Irura,Por 10.000,Irura,22.3
2020,,,Irura,Por 10.000,Irura,69.1
2019,,,Irura,Por 10.000,Irura,11.5
2021,,,Irura,Por 10.000,Irura,34.3
2021,,,Iruraiz-Gauna,Por 10.000,Iruraiz-Gauna,0.0
2023,,,Iruraiz-Gauna,Por 10.000,Iruraiz-Gauna,38.5
2020,,,Iruraiz-Gauna,Por 10.000,Iruraiz-Gauna,0.0
2022,,,Iruraiz-Gauna,Por 10.000,Iruraiz-Gauna,0.0
2019,,,Iruraiz-Gauna,Por 10.000,Iruraiz-Gauna,0.0
2019,,,Ispaster,Por 10.000,Ispaster,28.7
2023,,,Ispaster,Por 10.000,Ispaster,0.0
2022,,,Ispaster,Por 10.000,Ispaster,28.2
2020,,,Ispaster,Por 10.000,Ispaster,0.0
2021,,,Ispaster,Por 10.000,Ispaster,0.0
2023,,,Itsasondo,Por 10.000,Itsasondo,0.0
2020,,,Itsasondo,Por 10.000,Itsasondo,28.6
2021,,,Itsasondo,Por 10.000,Itsasondo,0.0
2022,,,Itsasondo,Por 10.000,Itsasondo,30.4
2019,,,Itsasondo,Por 10.000,Itsasondo,82.6
2019,,,Iurreta,Por 10.000,Iurreta,0.0
2020,,,Iurreta,Por 10.000,Iurreta,31.7
2021,,,Iurreta,Por 10.000,Iurreta,21.3
2022,,,Iurreta,Por 10.000,Iurreta,26.9
2023,,,Iurreta,Por 10.000,Iurreta,15.7
2023,,,Izurtza,Por 10.000,Izurtza,0.0
2021,,,Izurtza,Por 10.000,Izurtza,0.0
2020,,,Izurtza,Por 10.000,Izurtza,0.0
2019,,,Izurtza,Por 10.000,Izurtza,0.0
2022,,,Izurtza,Por 10.000,Izurtza,224.7
2020,,,Karrantza Harana/Valle de Carranza,Por 10.000,Karrantza Harana/Valle de Carranza,66.6
2022,,,Karrantza Harana/Valle de Carranza,Por 10.000,Karrantza Harana/Valle de Carranza,15.1
2021,,,Karrantza Harana/Valle de Carranza,Por 10.000,Karrantza Harana/Valle de Carranza,37.5
2023,,,Karrantza Harana/Valle de Carranza,Por 10.000,Karrantza Harana/Valle de Carranza,7.7
2019,,,Karrantza Harana/Valle de Carranza,Por 10.000,Karrantza Harana/Valle de Carranza,22.0
2020,,,Kortezubi,Por 10.000,Kortezubi,0.0
2022,,,Kortezubi,Por 10.000,Kortezubi,0.0
2021,,,Kortezubi,Por 10.000,Kortezubi,0.0
2023,,,Kortezubi,Por 10.000,Kortezubi,42.0
2019,,,Kortezubi,Por 10.000,Kortezubi,0.0
2020,,,Kripan,Por 10.000,Kripan,0.0
2019,,,Kripan,Por 10.000,Kripan,0.0
2022,,,Kripan,Por 10.000,Kripan,0.0
2021,,,Kripan,Por 10.000,Kripan,0.0
2023,,,Kripan,Por 10.000,Kripan,0.0
2020,,,Kuartango,Por 10.000,Kuartango,0.0
2022,,,Kuartango,Por 10.000,Kuartango,0.0
2019,,,Kuartango,Por 10.000,Kuartango,0.0
2023,,,Kuartango,Por 10.000,Kuartango,0.0
2021,,,Kuartango,Por 10.000,Kuartango,58.5
2023,,,Labastida/Bastida,Por 10.000,Labastida/Bastida,25.4
2019,,,Labastida/Bastida,Por 10.000,Labastida/Bastida,26.8
2020,,,Labastida/Bastida,Por 10.000,Labastida/Bastida,26.0
2022,,,Labastida/Bastida,Por 10.000,Labastida/Bastida,25.6
2021,,,Labastida/Bastida,Por 10.000,Labastida/Bastida,0.0
2021,,,Lagrán,Por 10.000,Lagrán,0.0
2019,,,Lagrán,Por 10.000,Lagrán,0.0
2020,,,Lagrán,Por 10.000,Lagrán,0.0
2023,,,Lagrán,Por 10.000,Lagrán,246.9
2022,,,Lagrán,Por 10.000,Lagrán,0.0
2019,,,Laguardia,Por 10.000,Laguardia,27.7
2021,,,Laguardia,Por 10.000,Laguardia,13.9
2023,,,Laguardia,Por 10.000,Laguardia,42.2
2020,,,Laguardia,Por 10.000,Laguardia,14.0
2022,,,Laguardia,Por 10.000,Laguardia,13.8
2022,,,Lanciego/Lantziego,Por 10.000,Lanciego/Lantziego,0.0
2020,,,Lanciego/Lantziego,Por 10.000,Lanciego/Lantziego,0.0
2023,,,Lanciego/Lantziego,Por 10.000,Lanciego/Lantziego,26.9
2019,,,Lanciego/Lantziego,Por 10.000,Lanciego/Lantziego,29.2
2021,,,Lanciego/Lantziego,Por 10.000,Lanciego/Lantziego,28.4
2020,,,Lanestosa,Por 10.000,Lanestosa,78.7
2019,,,Lanestosa,Por 10.000,Lanestosa,0.0
2023,,,Lanestosa,Por 10.000,Lanestosa,0.0
2022,,,Lanestosa,Por 10.000,Lanestosa,155.0
2021,,,Lanestosa,Por 10.000,Lanestosa,0.0
2019,,,Lantarón,Por 10.000,Lantarón,48.4
2023,,,Lantarón,Por 10.000,Lantarón,0.0
2020,,,Lantarón,Por 10.000,Lantarón,0.0
2022,,,Lantarón,Por 10.000,Lantarón,115.7
2021,,,Lantarón,Por 10.000,Lantarón,71.3
2021,,,Lapuebla de Labarca,Por 10.000,Lapuebla de Labarca,47.6
2019,,,Lapuebla de Labarca,Por 10.000,Lapuebla de Labarca,46.8
2023,,,Lapuebla de Labarca,Por 10.000,Lapuebla de Labarca,0.0
2022,,,Lapuebla de Labarca,Por 10.000,Lapuebla de Labarca,23.7
2020,,,Lapuebla de Labarca,Por 10.000,Lapuebla de Labarca,23.6
2021,,,Larrabetzu,Por 10.000,Larrabetzu,9.4
2020,,,Larrabetzu,Por 10.000,Larrabetzu,28.1
2023,,,Larrabetzu,Por 10.000,Larrabetzu,37.5
2019,,,Larrabetzu,Por 10.000,Larrabetzu,0.0
2022,,,Larrabetzu,Por 10.000,Larrabetzu,0.0
2020,,,Larraul,Por 10.000,Larraul,0.0
2023,,,Larraul,Por 10.000,Larraul,0.0
2022,,,Larraul,Por 10.000,Larraul,0.0
2021,,,Larraul,Por 10.000,Larraul,90.1
2019,,,Larraul,Por 10.000,Larraul,0.0
2022,,,Lasarte-Oria,Por 10.000,Lasarte-Oria,37.2
2020,,,Lasarte-Oria,Por 10.000,Lasarte-Oria,37.8
2019,,,Lasarte-Oria,Por 10.000,Lasarte-Oria,33.1
2021,,,Lasarte-Oria,Por 10.000,Lasarte-Oria,23.3
2023,,,Lasarte-Oria,Por 10.000,Lasarte-Oria,36.8
2021,,,Laudio/Llodio,Por 10.000,Laudio/Llodio,32.3
2023,,,Laudio/Llodio,Por 10.000,Laudio/Llodio,31.1
2019,,,Laudio/Llodio,Por 10.000,Laudio/Llodio,26.5
2022,,,Laudio/Llodio,Por 10.000,Laudio/Llodio,51.6
2020,,,Laudio/Llodio,Por 10.000,Laudio/Llodio,19.2
2022,,,Laukiz,Por 10.000,Laukiz,0.0
2019,,,Laukiz,Por 10.000,Laukiz,0.0
2020,,,Laukiz,Por 10.000,Laukiz,15.6
2023,,,Laukiz,Por 10.000,Laukiz,15.6
2021,,,Laukiz,Por 10.000,Laukiz,15.5
2020,,,Lazkao,Por 10.000,Lazkao,24.4
2022,,,Lazkao,Por 10.000,Lazkao,27.6
2019,,,Lazkao,Por 10.000,Lazkao,14.3
2023,,,Lazkao,Por 10.000,Lazkao,41.0
2021,,,Lazkao,Por 10.000,Lazkao,20.7
2023,,,Leaburu,Por 10.000,Leaburu,0.0
2021,,,Leaburu,Por 10.000,Leaburu,0.0
2019,,,Leaburu,Por 10.000,Leaburu,0.0
2022,,,Leaburu,Por 10.000,Leaburu,0.0
2020,,,Leaburu,Por 10.000,Leaburu,0.0
2023,,,Legazpi,Por 10.000,Legazpi,31.3
2020,,,Legazpi,Por 10.000,Legazpi,28.9
2022,,,Legazpi,Por 10.000,Legazpi,21.9
2021,,,Legazpi,Por 10.000,Legazpi,21.8
2019,,,Legazpi,Por 10.000,Legazpi,24.0
2021,,,Legorreta,Por 10.000,Legorreta,27.5
2023,,,Legorreta,Por 10.000,Legorreta,95.6
2020,,,Legorreta,Por 10.000,Legorreta,27.6
2022,,,Legorreta,Por 10.000,Legorreta,41.3
2019,,,Legorreta,Por 10.000,Legorreta,27.7
2019,,,Legutio,Por 10.000,Legutio,46.3
2023,,,Legutio,Por 10.000,Legutio,39.4
2020,,,Legutio,Por 10.000,Legutio,44.2
2022,,,Legutio,Por 10.000,Legutio,31.1
2021,,,Legutio,Por 10.000,Legutio,74.0
2020,,,Leintz-Gatzaga,Por 10.000,Leintz-Gatzaga,0.0
2022,,,Leintz-Gatzaga,Por 10.000,Leintz-Gatzaga,0.0
2021,,,Leintz-Gatzaga,Por 10.000,Leintz-Gatzaga,0.0
2019,,,Leintz-Gatzaga,Por 10.000,Leintz-Gatzaga,0.0
2023,,,Leintz-Gatzaga,Por 10.000,Leintz-Gatzaga,0.0
2019,,,Leioa,Por 10.000,Leioa,41.6
2022,,,Leioa,Por 10.000,Leioa,43.0
2023,,,Leioa,Por 10.000,Leioa,34.3
2020,,,Leioa,Por 10.000,Leioa,36.8
2021,,,Leioa,Por 10.000,Leioa,37.8
2022,,,Lekeitio,Por 10.000,Lekeitio,13.9
2020,,,Lekeitio,Por 10.000,Lekeitio,19.1
2019,,,Lekeitio,Por 10.000,Lekeitio,16.4
2023,,,Lekeitio,Por 10.000,Lekeitio,27.7
2021,,,Lekeitio,Por 10.000,Lekeitio,16.4
2022,,,Lemoa,Por 10.000,Lemoa,22.5
2019,,,Lemoa,Por 10.000,Lemoa,27.7
2021,,,Lemoa,Por 10.000,Lemoa,28.3
2020,,,Lemoa,Por 10.000,Lemoa,28.1
2023,,,Lemoa,Por 10.000,Lemoa,45.1
2022,,,Lemoiz,Por 10.000,Lemoiz,47.5
2021,,,Lemoiz,Por 10.000,Lemoiz,15.8
2020,,,Lemoiz,Por 10.000,Lemoiz,0.0
2019,,,Lemoiz,Por 10.000,Lemoiz,17.3
2023,,,Lemoiz,Por 10.000,Lemoiz,0.0
2022,,,Leza,Por 10.000,Leza,89.3
2019,,,Leza,Por 10.000,Leza,0.0
2020,,,Leza,Por 10.000,Leza,90.1
2023,,,Leza,Por 10.000,Leza,0.0
2021,,,Leza,Por 10.000,Leza,0.0
2020,,,Lezama,Por 10.000,Lezama,16.3
2019,,,Lezama,Por 10.000,Lezama,24.4
2023,,,Lezama,Por 10.000,Lezama,24.9
2022,,,Lezama,Por 10.000,Lezama,41.3
2021,,,Lezama,Por 10.000,Lezama,32.7
2022,,,Lezo,Por 10.000,Lezo,42.6
2020,,,Lezo,Por 10.000,Lezo,62.3
2019,,,Lezo,Por 10.000,Lezo,42.7
2021,,,Lezo,Por 10.000,Lezo,52.3
2023,,,Lezo,Por 10.000,Lezo,49.2
2023,,,Lizartza,Por 10.000,Lizartza,0.0
2021,,,Lizartza,Por 10.000,Lizartza,0.0
2020,,,Lizartza,Por 10.000,Lizartza,0.0
2022,,,Lizartza,Por 10.000,Lizartza,0.0
2019,,,Lizartza,Por 10.000,Lizartza,98.4
2021,,,Loiu,Por 10.000,Loiu,45.8
2022,,,Loiu,Por 10.000,Loiu,45.3
2020,,,Loiu,Por 10.000,Loiu,27.1
2019,,,Loiu,Por 10.000,Loiu,61.2
2023,,,Loiu,Por 10.000,Loiu,36.1
2020,,,Mallabia,Por 10.000,Mallabia,17.1
2023,,,Mallabia,Por 10.000,Mallabia,87.0
2019,,,Mallabia,Por 10.000,Mallabia,17.3
2022,,,Mallabia,Por 10.000,Mallabia,34.2
2021,,,Mallabia,Por 10.000,Mallabia,16.9
2022,,,Mañaria,Por 10.000,Mañaria,0.0
2023,,,Mañaria,Por 10.000,Mañaria,38.6
2021,,,Mañaria,Por 10.000,Mañaria,79.4
2020,,,Mañaria,Por 10.000,Mañaria,38.8
2019,,,Mañaria,Por 10.000,Mañaria,77.5
2021,,,Markina-Xemein,Por 10.000,Markina-Xemein,44.7
2020,,,Markina-Xemein,Por 10.000,Markina-Xemein,20.3
2019,,,Markina-Xemein,Por 10.000,Markina-Xemein,8.2
2023,,,Markina-Xemein,Por 10.000,Markina-Xemein,36.0
2022,,,Markina-Xemein,Por 10.000,Markina-Xemein,24.3
2020,,,Maruri-Jatabe,Por 10.000,Maruri-Jatabe,0.0
2023,,,Maruri-Jatabe,Por 10.000,Maruri-Jatabe,0.0
2021,,,Maruri-Jatabe,Por 10.000,Maruri-Jatabe,0.0
2019,,,Maruri-Jatabe,Por 10.000,Maruri-Jatabe,0.0
2022,,,Maruri-Jatabe,Por 10.000,Maruri-Jatabe,0.0
2019,,,Mendaro,Por 10.000,Mendaro,18.9
2021,,,Mendaro,Por 10.000,Mendaro,0.0
2023,,,Mendaro,Por 10.000,Mendaro,70.9
2020,,,Mendaro,Por 10.000,Mendaro,29.5
2022,,,Mendaro,Por 10.000,Mendaro,30.2
2020,,,Mendata,Por 10.000,Mendata,0.0
2022,,,Mendata,Por 10.000,Mendata,0.0
2019,,,Mendata,Por 10.000,Mendata,52.6
2021,,,Mendata,Por 10.000,Mendata,49.0
2023,,,Mendata,Por 10.000,Mendata,0.0
2022,,,Mendexa,Por 10.000,Mendexa,47.6
2019,,,Mendexa,Por 10.000,Mendexa,41.3
2021,,,Mendexa,Por 10.000,Mendexa,0.0
2020,,,Mendexa,Por 10.000,Mendexa,87.3
2023,,,Mendexa,Por 10.000,Mendexa,95.2
2019,,,Meñaka,Por 10.000,Meñaka,0.0
2021,,,Meñaka,Por 10.000,Meñaka,58.0
2020,,,Meñaka,Por 10.000,Meñaka,0.0
2023,,,Meñaka,Por 10.000,Meñaka,58.0
2022,,,Meñaka,Por 10.000,Meñaka,0.0
2020,,,Moreda de Álava/Moreda Araba,Por 10.000,Moreda de Álava/Moreda Araba,0.0
2021,,,Moreda de Álava/Moreda Araba,Por 10.000,Moreda de Álava/Moreda Araba,0.0
2019,,,Moreda de Álava/Moreda Araba,Por 10.000,Moreda de Álava/Moreda Araba,0.0
2023,,,Moreda de Álava/Moreda Araba,Por 10.000,Moreda de Álava/Moreda Araba,0.0
2022,,,Moreda de Álava/Moreda Araba,Por 10.000,Moreda de Álava/Moreda Araba,0.0
2020,,,Morga,Por 10.000,Morga,0.0
2021,,,Morga,Por 10.000,Morga,0.0
2023,,,Morga,Por 10.000,Morga,0.0
2022,,,Morga,Por 10.000,Morga,0.0
2019,,,Morga,Por 10.000,Morga,0.0
2022,,,Mundaka,Por 10.000,Mundaka,41.3
2023,,,Mundaka,Por 10.000,Mundaka,10.5
2021,,,Mundaka,Por 10.000,Mundaka,41.1
2020,,,Mundaka,Por 10.000,Mundaka,30.8
2019,,,Mundaka,Por 10.000,Mundaka,0.0
2021,,,Mungia,Por 10.000,Mungia,28.0
2020,,,Mungia,Por 10.000,Mungia,32.5
2019,,,Mungia,Por 10.000,Mungia,26.9
2023,,,Mungia,Por 10.000,Mungia,37.4
2022,,,Mungia,Por 10.000,Mungia,28.9
2021,,,Munitibar-Arbatzegi Gerrikaitz,Por 10.000,Munitibar-Arbatzegi Gerrikaitz,0.0
2019,,,Munitibar-Arbatzegi Gerrikaitz,Por 10.000,Munitibar-Arbatzegi Gerrikaitz,0.0
2023,,,Munitibar-Arbatzegi Gerrikaitz,Por 10.000,Munitibar-Arbatzegi Gerrikaitz,48.8
2020,,,Munitibar-Arbatzegi Gerrikaitz,Por 10.000,Munitibar-Arbatzegi Gerrikaitz,0.0
2022,,,Munitibar-Arbatzegi Gerrikaitz,Por 10.000,Munitibar-Arbatzegi Gerrikaitz,93.0
2021,,,Murueta,Por 10.000,Murueta,0.0
2019,,,Murueta,Por 10.000,Murueta,187.5
2022,,,Murueta,Por 10.000,Murueta,0.0
2020,,,Murueta,Por 10.000,Murueta,63.3
2023,,,Murueta,Por 10.000,Murueta,0.0
2020,,,Muskiz,Por 10.000,Muskiz,71.4
2022,,,Muskiz,Por 10.000,Muskiz,45.9
2019,,,Muskiz,Por 10.000,Muskiz,42.0
2023,,,Muskiz,Por 10.000,Muskiz,89.5
2021,,,Muskiz,Por 10.000,Muskiz,32.1
2022,,,Mutiloa,Por 10.000,Mutiloa,0.0
2020,,,Mutiloa,Por 10.000,Mutiloa,0.0
2019,,,Mutiloa,Por 10.000,Mutiloa,0.0
2021,,,Mutiloa,Por 10.000,Mutiloa,0.0
2023,,,Mutiloa,Por 10.000,Mutiloa,0.0
2023,,,Mutriku,Por 10.000,Mutriku,22.5
2021,,,Mutriku,Por 10.000,Mutriku,34.1
2019,,,Mutriku,Por 10.000,Mutriku,34.2
2020,,,Mutriku,Por 10.000,Mutriku,22.7
2022,,,Mutriku,Por 10.000,Mutriku,56.6
2023,,,Muxika,Por 10.000,Muxika,14.1
2022,,,Muxika,Por 10.000,Muxika,28.1
2020,,,Muxika,Por 10.000,Muxika,56.3
2021,,,Muxika,Por 10.000,Muxika,28.6
2019,,,Muxika,Por 10.000,Muxika,13.7
2020,,,Nabarniz,Por 10.000,Nabarniz,0.0
2022,,,Nabarniz,Por 10.000,Nabarniz,72.5
2021,,,Nabarniz,Por 10.000,Nabarniz,71.9
2019,,,Nabarniz,Por 10.000,Nabarniz,0.0
2023,,,Nabarniz,Por 10.000,Nabarniz,0.0
2019,,,Navaridas,Por 10.000,Navaridas,0.0
2021,,,Navaridas,Por 10.000,Navaridas,0.0
2023,,,Navaridas,Por 10.000,Navaridas,0.0
2022,,,Navaridas,Por 10.000,Navaridas,0.0
2020,,,Navaridas,Por 10.000,Navaridas,0.0
2022,,,Oiartzun,Por 10.000,Oiartzun,26.7
2021,,,Oiartzun,Por 10.000,Oiartzun,32.3
2019,,,Oiartzun,Por 10.000,Oiartzun,28.3
2020,,,Oiartzun,Por 10.000,Oiartzun,32.2
2023,,,Oiartzun,Por 10.000,Oiartzun,30.5
2019,,,Okondo,Por 10.000,Okondo,17.5
2023,,,Okondo,Por 10.000,Okondo,36.4
2020,,,Okondo,Por 10.000,Okondo,0.0
2021,,,Okondo,Por 10.000,Okondo,0.0
2022,,,Okondo,Por 10.000,Okondo,18.3
2022,,,Olaberria,Por 10.000,Olaberria,22.5
2023,,,Olaberria,Por 10.000,Olaberria,66.7
2019,,,Olaberria,Por 10.000,Olaberria,0.0
2020,,,Olaberria,Por 10.000,Olaberria,44.2
2021,,,Olaberria,Por 10.000,Olaberria,22.1
2022,,,Ondarroa,Por 10.000,Ondarroa,40.8
2019,,,Ondarroa,Por 10.000,Ondarroa,18.8
2020,,,Ondarroa,Por 10.000,Ondarroa,26.0
2023,,,Ondarroa,Por 10.000,Ondarroa,29.1
2021,,,Ondarroa,Por 10.000,Ondarroa,14.3
2022,,,Oñati,Por 10.000,Oñati,22.4
2020,,,Oñati,Por 10.000,Oñati,13.8
2019,,,Oñati,Por 10.000,Oñati,15.5
2021,,,Oñati,Por 10.000,Oñati,5.2
2023,,,Oñati,Por 10.000,Oñati,18.8
2019,,,Ordizia,Por 10.000,Ordizia,21.6
2021,,,Ordizia,Por 10.000,Ordizia,31.5
2023,,,Ordizia,Por 10.000,Ordizia,32.8
2020,,,Ordizia,Por 10.000,Ordizia,39.3
2022,,,Ordizia,Por 10.000,Ordizia,42.8
2023,,,Orendain,Por 10.000,Orendain,0.0
2019,,,Orendain,Por 10.000,Orendain,92.6
2021,,,Orendain,Por 10.000,Orendain,0.0
2020,,,Orendain,Por 10.000,Orendain,87.0
2022,,,Orendain,Por 10.000,Orendain,0.0
2022,,,Orexa,Por 10.000,Orexa,0.0
2020,,,Orexa,Por 10.000,Orexa,0.0
2019,,,Orexa,Por 10.000,Orexa,0.0
2021,,,Orexa,Por 10.000,Orexa,0.0
2023,,,Orexa,Por 10.000,Orexa,0.0
2019,,,Orio,Por 10.000,Orio,23.1
2023,,,Orio,Por 10.000,Orio,42.9
2021,,,Orio,Por 10.000,Orio,26.4
2020,,,Orio,Por 10.000,Orio,36.1
2022,,,Orio,Por 10.000,Orio,36.4
2021,,,Ormaiztegi,Por 10.000,Ormaiztegi,0.0
2023,,,Ormaiztegi,Por 10.000,Ormaiztegi,16.2
2022,,,Ormaiztegi,Por 10.000,Ormaiztegi,16.2
2020,,,Ormaiztegi,Por 10.000,Ormaiztegi,0.0
2019,,,Ormaiztegi,Por 10.000,Ormaiztegi,15.5
2020,,,Orozko,Por 10.000,Orozko,51.5
2021,,,Orozko,Por 10.000,Orozko,36.1
2019,,,Orozko,Por 10.000,Orozko,7.5
2023,,,Orozko,Por 10.000,Orozko,22.0
2022,,,Orozko,Por 10.000,Orozko,7.2
2019,,,Ortuella,Por 10.000,Ortuella,65.2
2021,,,Ortuella,Por 10.000,Ortuella,67.2
2022,,,Ortuella,Por 10.000,Ortuella,50.7
2020,,,Ortuella,Por 10.000,Ortuella,60.6
2023,,,Ortuella,Por 10.000,Ortuella,54.9
2019,,,Otxandio,Por 10.000,Otxandio,29.9
2021,,,Otxandio,Por 10.000,Otxandio,0.0
2020,,,Otxandio,Por 10.000,Otxandio,30.0
2023,,,Otxandio,Por 10.000,Otxandio,77.0
2022,,,Otxandio,Por 10.000,Otxandio,0.0
2023,,,Oyón-Oion,Por 10.000,Oyón-Oion,51.8
2020,,,Oyón-Oion,Por 10.000,Oyón-Oion,40.2
2019,,,Oyón-Oion,Por 10.000,Oyón-Oion,11.6
2021,,,Oyón-Oion,Por 10.000,Oyón-Oion,17.1
2022,,,Oyón-Oion,Por 10.000,Oyón-Oion,22.7
2020,,,Pasaia,Por 10.000,Pasaia,41.5
2022,,,Pasaia,Por 10.000,Pasaia,51.1
2019,,,Pasaia,Por 10.000,Pasaia,47.2
2021,,,Pasaia,Por 10.000,Pasaia,46.5
2023,,,Pasaia,Por 10.000,Pasaia,52.0
2021,,,Peñacerrada-Urizaharra,Por 10.000,Peñacerrada-Urizaharra,0.0
2020,,,Peñacerrada-Urizaharra,Por 10.000,Peñacerrada-Urizaharra,78.1
2019,,,Peñacerrada-Urizaharra,Por 10.000,Peñacerrada-Urizaharra,0.0
2023,,,Peñacerrada-Urizaharra,Por 10.000,Peñacerrada-Urizaharra,0.0
2022,,,Peñacerrada-Urizaharra,Por 10.000,Peñacerrada-Urizaharra,0.0
2019,,,Plentzia,Por 10.000,Plentzia,35.6
2020,,,Plentzia,Por 10.000,Plentzia,52.4
2022,,,Plentzia,Por 10.000,Plentzia,43.7
2021,,,Plentzia,Por 10.000,Plentzia,30.4
2023,,,Plentzia,Por 10.000,Plentzia,30.6
2023,,,Portugalete,Por 10.000,Portugalete,49.7
2019,,,Portugalete,Por 10.000,Portugalete,34.9
2022,,,Portugalete,Por 10.000,Portugalete,42.5
2021,,,Portugalete,Por 10.000,Portugalete,44.3
2020,,,Portugalete,Por 10.000,Portugalete,35.9
2022,,,Ribera Baja/Erriberabeitia,Por 10.000,Ribera Baja/Erriberabeitia,80.3
2019,,,Ribera Baja/Erriberabeitia,Por 10.000,Ribera Baja/Erriberabeitia,0.0
2023,,,Ribera Baja/Erriberabeitia,Por 10.000,Ribera Baja/Erriberabeitia,39.4
2020,,,Ribera Baja/Erriberabeitia,Por 10.000,Ribera Baja/Erriberabeitia,66.7
2021,,,Ribera Baja/Erriberabeitia,Por 10.000,Ribera Baja/Erriberabeitia,13.5
2023,,,Samaniego,Por 10.000,Samaniego,0.0
2019,,,Samaniego,Por 10.000,Samaniego,0.0
2022,,,Samaniego,Por 10.000,Samaniego,69.9
2020,,,Samaniego,Por 10.000,Samaniego,0.0
2021,,,Samaniego,Por 10.000,Samaniego,0.0
2020,,,San Millán/Donemiliaga,Por 10.000,San Millán/Donemiliaga,61.7
2021,,,San Millán/Donemiliaga,Por 10.000,San Millán/Donemiliaga,30.3
2022,,,San Millán/Donemiliaga,Por 10.000,San Millán/Donemiliaga,29.8
2019,,,San Millán/Donemiliaga,Por 10.000,San Millán/Donemiliaga,94.0
2023,,,San Millán/Donemiliaga,Por 10.000,San Millán/Donemiliaga,60.8
2023,,,Santurtzi,Por 10.000,Santurtzi,63.0
2022,,,Santurtzi,Por 10.000,Santurtzi,59.8
2021,,,Santurtzi,Por 10.000,Santurtzi,55.3
2020,,,Santurtzi,Por 10.000,Santurtzi,37.8
2019,,,Santurtzi,Por 10.000,Santurtzi,33.6
2019,,,Segura,Por 10.000,Segura,0.0
2021,,,Segura,Por 10.000,Segura,0.0
2023,,,Segura,Por 10.000,Segura,0.0
2022,,,Segura,Por 10.000,Segura,0.0
2020,,,Segura,Por 10.000,Segura,26.7
2021,,,Sestao,Por 10.000,Sestao,73.3
2019,,,Sestao,Por 10.000,Sestao,77.1
2023,,,Sestao,Por 10.000,Sestao,84.7
2022,,,Sestao,Por 10.000,Sestao,72.7
2020,,,Sestao,Por 10.000,Sestao,87.4
2023,,,Sondika,Por 10.000,Sondika,33.8
2020,,,Sondika,Por 10.000,Sondika,21.2
2019,,,Sondika,Por 10.000,Sondika,21.2
2022,,,Sondika,Por 10.000,Sondika,16.9
2021,,,Sondika,Por 10.000,Sondika,46.9
2023,,,Sopela,Por 10.000,Sopela,20.1
2020,,,Sopela,Por 10.000,Sopela,22.5
2019,,,Sopela,Por 10.000,Sopela,21.2
2022,,,Sopela,Por 10.000,Sopela,26.1
2021,,,Sopela,Por 10.000,Sopela,42.9
2023,,,Sopuerta,Por 10.000,Sopuerta,14.6
2019,,,Sopuerta,Por 10.000,Sopuerta,15.9
2022,,,Sopuerta,Por 10.000,Sopuerta,0.0
2021,,,Sopuerta,Por 10.000,Sopuerta,37.2
2020,,,Sopuerta,Por 10.000,Sopuerta,23.1
2021,,,Soraluze-Placencia de las Armas,Por 10.000,Soraluze-Placencia de las Armas,37.3
2019,,,Soraluze-Placencia de las Armas,Por 10.000,Soraluze-Placencia de las Armas,30.5
2020,,,Soraluze-Placencia de las Armas,Por 10.000,Soraluze-Placencia de las Armas,31.1
2022,,,Soraluze-Placencia de las Armas,Por 10.000,Soraluze-Placencia de las Armas,49.6
2023,,,Soraluze-Placencia de las Armas,Por 10.000,Soraluze-Placencia de las Armas,27.7
2020,,,Sukarrieta,Por 10.000,Sukarrieta,0.0
2019,,,Sukarrieta,Por 10.000,Sukarrieta,59.9
2023,,,Sukarrieta,Por 10.000,Sukarrieta,57.1
2022,,,Sukarrieta,Por 10.000,Sukarrieta,58.5
2021,,,Sukarrieta,Por 10.000,Sukarrieta,0.0
2023,,,Tolosa,Por 10.000,Tolosa,44.9
2020,,,Tolosa,Por 10.000,Tolosa,21.8
2022,,,Tolosa,Por 10.000,Tolosa,35.2
2021,,,Tolosa,Por 10.000,Tolosa,37.5
2019,,,Tolosa,Por 10.000,Tolosa,21.1
2021,,,Trucios-Turtzioz,Por 10.000,Trucios-Turtzioz,0.0
2022,,,Trucios-Turtzioz,Por 10.000,Trucios-Turtzioz,0.0
2019,,,Trucios-Turtzioz,Por 10.000,Trucios-Turtzioz,39.4
2020,,,Trucios-Turtzioz,Por 10.000,Trucios-Turtzioz,0.0
2023,,,Trucios-Turtzioz,Por 10.000,Trucios-Turtzioz,152.7
2021,,,Ubide,Por 10.000,Ubide,0.0
2020,,,Ubide,Por 10.000,Ubide,0.0
2019,,,Ubide,Por 10.000,Ubide,0.0
2023,,,Ubide,Por 10.000,Ubide,112.4
2022,,,Ubide,Por 10.000,Ubide,0.0
2021,,,Ugao-Miraballes,Por 10.000,Ugao-Miraballes,54.4
2020,,,Ugao-Miraballes,Por 10.000,Ugao-Miraballes,64.1
2019,,,Ugao-Miraballes,Por 10.000,Ugao-Miraballes,39.5
2022,,,Ugao-Miraballes,Por 10.000,Ugao-Miraballes,39.4
2023,,,Ugao-Miraballes,Por 10.000,Ugao-Miraballes,19.6
2020,,,Urduliz,Por 10.000,Urduliz,29.7
2019,,,Urduliz,Por 10.000,Urduliz,23.1
2023,,,Urduliz,Por 10.000,Urduliz,28.5
2022,,,Urduliz,Por 10.000,Urduliz,18.9
2021,,,Urduliz,Por 10.000,Urduliz,39.5
2022,,,Urduña/Orduña,Por 10.000,Urduña/Orduña,55.2
2019,,,Urduña/Orduña,Por 10.000,Urduña/Orduña,54.5
2023,,,Urduña/Orduña,Por 10.000,Urduña/Orduña,35.2
2021,,,Urduña/Orduña,Por 10.000,Urduña/Orduña,35.2
2020,,,Urduña/Orduña,Por 10.000,Urduña/Orduña,24.9
2021,,,Urkabustaiz,Por 10.000,Urkabustaiz,0.0
2019,,,Urkabustaiz,Por 10.000,Urkabustaiz,29.4
2020,,,Urkabustaiz,Por 10.000,Urkabustaiz,43.6
2022,,,Urkabustaiz,Por 10.000,Urkabustaiz,29.0
2023,,,Urkabustaiz,Por 10.000,Urkabustaiz,0.0
2021,,,Urnieta,Por 10.000,Urnieta,26.0
2019,,,Urnieta,Por 10.000,Urnieta,16.1
2022,,,Urnieta,Por 10.000,Urnieta,52.2
2023,,,Urnieta,Por 10.000,Urnieta,35.6
2020,,,Urnieta,Por 10.000,Urnieta,54.9
2022,,,Urretxu,Por 10.000,Urretxu,5.9
2019,,,Urretxu,Por 10.000,Urretxu,17.6
2021,,,Urretxu,Por 10.000,Urretxu,53.1
2023,,,Urretxu,Por 10.000,Urretxu,23.6
2020,,,Urretxu,Por 10.000,Urretxu,26.5
2023,,,Usurbil,Por 10.000,Usurbil,15.7
2021,,,Usurbil,Por 10.000,Usurbil,9.8
2020,,,Usurbil,Por 10.000,Usurbil,19.5
2022,,,Usurbil,Por 10.000,Usurbil,16.2
2019,,,Usurbil,Por 10.000,Usurbil,67.5
2021,,,Valdegovía/Gaubea,Por 10.000,Valdegovía/Gaubea,57.1
2020,,,Valdegovía/Gaubea,Por 10.000,Valdegovía/Gaubea,40.2
2023,,,Valdegovía/Gaubea,Por 10.000,Valdegovía/Gaubea,97.3
2019,,,Valdegovía/Gaubea,Por 10.000,Valdegovía/Gaubea,41.7
2022,,,Valdegovía/Gaubea,Por 10.000,Valdegovía/Gaubea,56.5
2021,,,Valle de Trápaga-Trapagaran,Por 10.000,Valle de Trápaga-Trapagaran,68.8
2020,,,Valle de Trápaga-Trapagaran,Por 10.000,Valle de Trápaga-Trapagaran,31.0
2019,,,Valle de Trápaga-Trapagaran,Por 10.000,Valle de Trápaga-Trapagaran,40.6
2023,,,Valle de Trápaga-Trapagaran,Por 10.000,Valle de Trápaga-Trapagaran,51.0
2022,,,Valle de Trápaga-Trapagaran,Por 10.000,Valle de Trápaga-Trapagaran,63.9
2020,,,Villabona,Por 10.000,Villabona,30.5
2019,,,Villabona,Por 10.000,Villabona,40.3
2021,,,Villabona,Por 10.000,Villabona,20.6
2023,,,Villabona,Por 10.000,Villabona,30.5
2022,,,Villabona,Por 10.000,Villabona,30.9
2021,,,Villabuena de Álava/Eskuernaga,Por 10.000,Villabuena de Álava/Eskuernaga,70.9
2022,,,Villabuena de Álava/Eskuernaga,Por 10.000,Villabuena de Álava/Eskuernaga,71.9
2019,,,Villabuena de Álava/Eskuernaga,Por 10.000,Villabuena de Álava/Eskuernaga,69.0
2020,,,Villabuena de Álava/Eskuernaga,Por 10.000,Villabuena de Álava/Eskuernaga,0.0
2023,,,Villabuena de Álava/Eskuernaga,Por 10.000,Villabuena de Álava/Eskuernaga,144.9
2023,,,Vitoria-Gasteiz,Por 10.000,Vitoria-Gasteiz,50.4
2021,,,Vitoria-Gasteiz,Por 10.000,Vitoria-Gasteiz,36.8
2020,,,Vitoria-Gasteiz,Por 10.000,Vitoria-Gasteiz,34.4
2019,,,Vitoria-Gasteiz,Por 10.000,Vitoria-Gasteiz,39.7
2022,,,Vitoria-Gasteiz,Por 10.000,Vitoria-Gasteiz,42.8
2021,,,Yécora/Iekora,Por 10.000,Yécora/Iekora,86.2
2023,,,Yécora/Iekora,Por 10.000,Yécora/Iekora,0.0
2019,,,Yécora/Iekora,Por 10.000,Yécora/Iekora,0.0
2022,,,Yécora/Iekora,Por 10.000,Yécora/Iekora,0.0
2020,,,Yécora/Iekora,Por 10.000,Yécora/Iekora,0.0
2022,,,Zaldibar,Por 10.000,Zaldibar,13.3
2021,,,Zaldibar,Por 10.000,Zaldibar,6.6
2020,,,Zaldibar,Por 10.000,Zaldibar,26.4
2019,,,Zaldibar,Por 10.000,Zaldibar,26.4
2023,,,Zaldibar,Por 10.000,Zaldibar,60.0
2019,,,Zaldibia,Por 10.000,Zaldibia,0.0
2023,,,Zaldibia,Por 10.000,Zaldibia,0.0
2021,,,Zaldibia,Por 10.000,Zaldibia,12.4
2020,,,Zaldibia,Por 10.000,Zaldibia,0.0
2022,,,Zaldibia,Por 10.000,Zaldibia,0.0
2019,,,Zalduondo,Por 10.000,Zalduondo,0.0
2021,,,Zalduondo,Por 10.000,Zalduondo,0.0
2023,,,Zalduondo,Por 10.000,Zalduondo,0.0
2022,,,Zalduondo,Por 10.000,Zalduondo,0.0
2020,,,Zalduondo,Por 10.000,Zalduondo,0.0
2021,,,Zalla,Por 10.000,Zalla,49.6
2020,,,Zalla,Por 10.000,Zalla,35.0
2019,,,Zalla,Por 10.000,Zalla,32.6
2022,,,Zalla,Por 10.000,Zalla,28.3
2023,,,Zalla,Por 10.000,Zalla,59.5
2019,,,Zambrana,Por 10.000,Zambrana,47.8
2021,,,Zambrana,Por 10.000,Zambrana,0.0
2022,,,Zambrana,Por 10.000,Zambrana,52.4
2020,,,Zambrana,Por 10.000,Zambrana,47.4
2023,,,Zambrana,Por 10.000,Zambrana,0.0
2023,,,Zamudio,Por 10.000,Zamudio,62.0
2022,,,Zamudio,Por 10.000,Zamudio,87.0
2020,,,Zamudio,Por 10.000,Zamudio,36.6
2021,,,Zamudio,Por 10.000,Zamudio,68.2
2019,,,Zamudio,Por 10.000,Zamudio,18.1
2019,,,Zaratamo,Por 10.000,Zaratamo,23.9
2020,,,Zaratamo,Por 10.000,Zaratamo,106.6
2023,,,Zaratamo,Por 10.000,Zaratamo,12.3
2022,,,Zaratamo,Por 10.000,Zaratamo,24.7
2021,,,Zaratamo,Por 10.000,Zaratamo,71.7
2020,,,Zarautz,Por 10.000,Zarautz,10.8
2022,,,Zarautz,Por 10.000,Zarautz,31.1
2019,,,Zarautz,Por 10.000,Zarautz,13.4
2021,,,Zarautz,Por 10.000,Zarautz,18.4
2023,,,Zarautz,Por 10.000,Zarautz,30.0
2022,,,Zeanuri,Por 10.000,Zeanuri,47.4
2020,,,Zeanuri,Por 10.000,Zeanuri,32.8
2019,,,Zeanuri,Por 10.000,Zeanuri,16.6
2021,,,Zeanuri,Por 10.000,Zeanuri,48.1
2023,,,Zeanuri,Por 10.000,Zeanuri,15.9
2019,,,Zeberio,Por 10.000,Zeberio,37.2
2023,,,Zeberio,Por 10.000,Zeberio,54.9
2021,,,Zeberio,Por 10.000,Zeberio,37.4
2020,,,Zeberio,Por 10.000,Zeberio,37.2
2022,,,Zeberio,Por 10.000,Zeberio,18.8
2022,,,Zegama,Por 10.000,Zegama,13.6
2020,,,Zegama,Por 10.000,Zegama,13.5
2021,,,Zegama,Por 10.000,Zegama,13.4
2019,,,Zegama,Por 10.000,Zegama,0.0
2023,,,Zegama,Por 10.000,Zegama,0.0
2020,,,Zerain,Por 10.000,Zerain,68.0
2021,,,Zerain,Por 10.000,Zerain,0.0
2019,,,Zerain,Por 10.000,Zerain,137.9
2023,,,Zerain,Por 10.000,Zerain,0.0
2022,,,Zerain,Por 10.000,Zerain,0.0
2020,,,Zestoa,Por 10.000,Zestoa,27.3
2023,,,Zestoa,Por 10.000,Zestoa,27.4
2019,,,Zestoa,Por 10.000,Zestoa,16.3
2022,,,Zestoa,Por 10.000,Zestoa,44.6
2021,,,Zestoa,Por 10.000,Zestoa,22.3
2023,,,Zierbena,Por 10.000,Zierbena,99.7
2019,,,Zierbena,Por 10.000,Zierbena,14.1
2022,,,Zierbena,Por 10.000,Zierbena,86.7
2020,,,Zierbena,Por 10.000,Zierbena,84.2
2021,,,Zierbena,Por 10.000,Zierbena,85.5
2019,,,Zigoitia,Por 10.000,Zigoitia,0.0
2022,,,Zigoitia,Por 10.000,Zigoitia,47.4
2020,,,Zigoitia,Por 10.000,Zigoitia,12.3
2021,,,Zigoitia,Por 10.000,Zigoitia,23.7
2023,,,Zigoitia,Por 10.000,Zigoitia,34.8
2020,,,Ziortza-Bolibar,Por 10.000,Ziortza-Bolibar,0.0
2021,,,Ziortza-Bolibar,Por 10.000,Ziortza-Bolibar,0.0
2019,,,Ziortza-Bolibar,Por 10.000,Ziortza-Bolibar,0.0
2023,,,Ziortza-Bolibar,Por 10.000,Ziortza-Bolibar,0.0
2022,,,Ziortza-Bolibar,Por 10.000,Ziortza-Bolibar,160.4
2020,,,Zizurkil,Por 10.000,Zizurkil,20.2
2023,,,Zizurkil,Por 10.000,Zizurkil,20.8
2019,,,Zizurkil,Por 10.000,Zizurkil,13.2
2022,,,Zizurkil,Por 10.000,Zizurkil,27.8
2021,,,Zizurkil,Por 10.000,Zizurkil,34.5
2019,,,Zuia,Por 10.000,Zuia,0.0
2021,,,Zuia,Por 10.000,Zuia,8.9
2020,,,Zuia,Por 10.000,Zuia,17.7
2022,,,Zuia,Por 10.000,Zuia,17.9
2023,,,Zuia,Por 10.000,Zuia,34.3
2020,,,Zumaia,Por 10.000,Zumaia,12.0
2022,,,Zumaia,Por 10.000,Zumaia,19.7
2019,,,Zumaia,Por 10.000,Zumaia,22.2
2021,,,Zumaia,Por 10.000,Zumaia,21.8
2023,,,Zumaia,Por 10.000,Zumaia,15.8
2023,,,Zumarraga,Por 10.000,Zumarraga,24.7
2019,,,Zumarraga,Por 10.000,Zumarraga,11.2
2020,,,Zumarraga,Por 10.000,Zumarraga,12.3
2022,,,Zumarraga,Por 10.000,Zumarraga,18.6
2021,,,Zumarraga,Por 10.000,Zumarraga,9.1
2020,,Añana (comarca),,Por 10.000,Añana (comarca),42.4
2023,,Añana (comarca),,Por 10.000,Añana (comarca),31.4
2019,,Añana (comarca),,Por 10.000,Añana (comarca),28.8
2022,,Añana (comarca),,Por 10.000,Añana (comarca),52.7
2021,,Añana (comarca),,Por 10.000,Añana (comarca),38.5
2023,,Arabako Errioxa / Rioja Alavesa,,Por 10.000,Arabako Errioxa / Rioja Alavesa,32.0
2019,,Arabako Errioxa / Rioja Alavesa,,Por 10.000,Arabako Errioxa / Rioja Alavesa,21.4
2022,,Arabako Errioxa / Rioja Alavesa,,Por 10.000,Arabako Errioxa / Rioja Alavesa,22.9
2020,,Arabako Errioxa / Rioja Alavesa,,Por 10.000,Arabako Errioxa / Rioja Alavesa,26.6
2021,,Arabako Errioxa / Rioja Alavesa,,Por 10.000,Arabako Errioxa / Rioja Alavesa,19.5
2020,,Arabako Kantaurialdea / Cantábrica Alavesa,,Por 10.000,Arabako Kantaurialdea / Cantábrica Alavesa,20.4
2021,,Arabako Kantaurialdea / Cantábrica Alavesa,,Por 10.000,Arabako Kantaurialdea / Cantábrica Alavesa,24.5
2019,,Arabako Kantaurialdea / Cantábrica Alavesa,,Por 10.000,Arabako Kantaurialdea / Cantábrica Alavesa,26.6
2023,,Arabako Kantaurialdea / Cantábrica Alavesa,,Por 10.000,Arabako Kantaurialdea / Cantábrica Alavesa,39.9
2022,,Arabako Kantaurialdea / Cantábrica Alavesa,,Por 10.000,Arabako Kantaurialdea / Cantábrica Alavesa,41.7
2022,,Arabako Lautada / Llanada Alavesa,,Por 10.000,Arabako Lautada / Llanada Alavesa,42.9
2019,,Arabako Lautada / Llanada Alavesa,,Por 10.000,Arabako Lautada / Llanada Alavesa,38.8
2020,,Arabako Lautada / Llanada Alavesa,,Por 10.000,Arabako Lautada / Llanada Alavesa,35.1
2021,,Arabako Lautada / Llanada Alavesa,,Por 10.000,Arabako Lautada / Llanada Alavesa,36.0
2023,,Arabako Lautada / Llanada Alavesa,,Por 10.000,Arabako Lautada / Llanada Alavesa,50.1
2019,,Arabako Mendialdea / Montaña Alavesa,,Por 10.000,Arabako Mendialdea / Montaña Alavesa,7.5
2022,,Arabako Mendialdea / Montaña Alavesa,,Por 10.000,Arabako Mendialdea / Montaña Alavesa,13.8
2023,,Arabako Mendialdea / Montaña Alavesa,,Por 10.000,Arabako Mendialdea / Montaña Alavesa,41.8
2020,,Arabako Mendialdea / Montaña Alavesa,,Por 10.000,Arabako Mendialdea / Montaña Alavesa,14.6
2021,,Arabako Mendialdea / Montaña Alavesa,,Por 10.000,Arabako Mendialdea / Montaña Alavesa,13.9
2023,,Arratia Nerbioi / Arratia-Nervión,,Por 10.000,Arratia Nerbioi / Arratia-Nervión,46.7
2022,,Arratia Nerbioi / Arratia-Nervión,,Por 10.000,Arratia Nerbioi / Arratia-Nervión,36.7
2019,,Arratia Nerbioi / Arratia-Nervión,,Por 10.000,Arratia Nerbioi / Arratia-Nervión,33.7
2021,,Arratia Nerbioi / Arratia-Nervión,,Por 10.000,Arratia Nerbioi / Arratia-Nervión,33.4
2020,,Arratia Nerbioi / Arratia-Nervión,,Por 10.000,Arratia Nerbioi / Arratia-Nervión,40.1
2023,,Bidasoa Beherea / Bajo Bidasoa,,Por 10.000,Bidasoa Beherea / Bajo Bidasoa,62.4
2021,,Bidasoa Beherea / Bajo Bidasoa,,Por 10.000,Bidasoa Beherea / Bajo Bidasoa,44.3
2019,,Bidasoa Beherea / Bajo Bidasoa,,Por 10.000,Bidasoa Beherea / Bajo Bidasoa,46.7
2020,,Bidasoa Beherea / Bajo Bidasoa,,Por 10.000,Bidasoa Beherea / Bajo Bidasoa,40.0
2022,,Bidasoa Beherea / Bajo Bidasoa,,Por 10.000,Bidasoa Beherea / Bajo Bidasoa,54.6
2019,,Bilbo Handia / Gran Bilbao,,Por 10.000,Bilbo Handia / Gran Bilbao,39.5
2021,,Bilbo Handia / Gran Bilbao,,Por 10.000,Bilbo Handia / Gran Bilbao,37.4
2020,,Bilbo Handia / Gran Bilbao,,Por 10.000,Bilbo Handia / Gran Bilbao,37.1
2023,,Bilbo Handia / Gran Bilbao,,Por 10.000,Bilbo Handia / Gran Bilbao,46.0
2022,,Bilbo Handia / Gran Bilbao,,Por 10.000,Bilbo Handia / Gran Bilbao,41.8
2019,,Debabarrena / Bajo Deba,,Por 10.000,Debabarrena / Bajo Deba,26.5
2023,,Debabarrena / Bajo Deba,,Por 10.000,Debabarrena / Bajo Deba,41.7
2021,,Debabarrena / Bajo Deba,,Por 10.000,Debabarrena / Bajo Deba,38.2
2022,,Debabarrena / Bajo Deba,,Por 10.000,Debabarrena / Bajo Deba,52.4
2020,,Debabarrena / Bajo Deba,,Por 10.000,Debabarrena / Bajo Deba,34.0
2020,,Debagoiena / Alto Deba,,Por 10.000,Debagoiena / Alto Deba,15.7
2019,,Debagoiena / Alto Deba,,Por 10.000,Debagoiena / Alto Deba,23.5
2022,,Debagoiena / Alto Deba,,Por 10.000,Debagoiena / Alto Deba,36.4
2021,,Debagoiena / Alto Deba,,Por 10.000,Debagoiena / Alto Deba,27.0
2023,,Debagoiena / Alto Deba,,Por 10.000,Debagoiena / Alto Deba,34.3
2022,,Donostialdea,,Por 10.000,Donostialdea,41.8
2020,,Donostialdea,,Por 10.000,Donostialdea,34.5
2023,,Donostialdea,,Por 10.000,Donostialdea,41.0
2019,,Donostialdea,,Por 10.000,Donostialdea,40.2
2021,,Donostialdea,,Por 10.000,Donostialdea,34.8
2019,,Durangaldea / Duranguesado,,Por 10.000,Durangaldea / Duranguesado,24.1
2020,,Durangaldea / Duranguesado,,Por 10.000,Durangaldea / Duranguesado,23.5
2023,,Durangaldea / Duranguesado,,Por 10.000,Durangaldea / Duranguesado,35.3
2022,,Durangaldea / Duranguesado,,Por 10.000,Durangaldea / Duranguesado,34.1
2021,,Durangaldea / Duranguesado,,Por 10.000,Durangaldea / Duranguesado,25.1
2023,,Enkartazioak / Encartaciones,,Por 10.000,Enkartazioak / Encartaciones,40.6
2019,,Enkartazioak / Encartaciones,,Por 10.000,Enkartazioak / Encartaciones,27.8
2021,,Enkartazioak / Encartaciones,,Por 10.000,Enkartazioak / Encartaciones,35.0
2020,,Enkartazioak / Encartaciones,,Por 10.000,Enkartazioak / Encartaciones,34.5
2022,,Enkartazioak / Encartaciones,,Por 10.000,Enkartazioak / Encartaciones,36.9
2022,,Gernika-Bermeo,,Por 10.000,Gernika-Bermeo,31.4
2019,,Gernika-Bermeo,,Por 10.000,Gernika-Bermeo,39.3
2020,,Gernika-Bermeo,,Por 10.000,Gernika-Bermeo,47.3
2023,,Gernika-Bermeo,,Por 10.000,Gernika-Bermeo,32.9
2021,,Gernika-Bermeo,,Por 10.000,Gernika-Bermeo,34.5
2020,,Goierri,,Por 10.000,Goierri,24.9
2023,,Goierri,,Por 10.000,Goierri,29.0
2019,,Goierri,,Por 10.000,Goierri,18.5
2021,,Goierri,,Por 10.000,Goierri,26.0
2022,,Goierri,,Por 10.000,Goierri,26.5
2019,,Gorbeialdea / Estribaciones del Gorbea,,Por 10.000,Gorbeialdea / Estribaciones del Gorbea,14.3
2020,,Gorbeialdea / Estribaciones del Gorbea,,Por 10.000,Gorbeialdea / Estribaciones del Gorbea,23.5
2023,,Gorbeialdea / Estribaciones del Gorbea,,Por 10.000,Gorbeialdea / Estribaciones del Gorbea,27.1
2021,,Gorbeialdea / Estribaciones del Gorbea,,Por 10.000,Gorbeialdea / Estribaciones del Gorbea,25.5
2022,,Gorbeialdea / Estribaciones del Gorbea,,Por 10.000,Gorbeialdea / Estribaciones del Gorbea,25.5
2020,,Markina-Ondarroa,,Por 10.000,Markina-Ondarroa,20.9
2019,,Markina-Ondarroa,,Por 10.000,Markina-Ondarroa,16.2
2023,,Markina-Ondarroa,,Por 10.000,Markina-Ondarroa,26.8
2022,,Markina-Ondarroa,,Por 10.000,Markina-Ondarroa,29.9
2021,,Markina-Ondarroa,,Por 10.000,Markina-Ondarroa,19.5
2023,,Plentzia-Mungia,,Por 10.000,Plentzia-Mungia,27.4
2021,,Plentzia-Mungia,,Por 10.000,Plentzia-Mungia,34.4
2019,,Plentzia-Mungia,,Por 10.000,Plentzia-Mungia,20.6
2020,,Plentzia-Mungia,,Por 10.000,Plentzia-Mungia,30.5
2022,,Plentzia-Mungia,,Por 10.000,Plentzia-Mungia,25.1
2021,,Tolosaldea,,Por 10.000,Tolosaldea,27.5
2022,,Tolosaldea,,Por 10.000,Tolosaldea,48.2
2020,,Tolosaldea,,Por 10.000,Tolosaldea,27.0
2019,,Tolosaldea,,Por 10.000,Tolosaldea,23.5
2023,,Tolosaldea,,Por 10.000,Tolosaldea,30.9
2019,,Urola Kosta,,Por 10.000,Urola Kosta,14.1
2023,,Urola Kosta,,Por 10.000,Urola Kosta,22.8
2020,,Urola Kosta,,Por 10.000,Urola Kosta,18.5
2022,,Urola Kosta,,Por 10.000,Urola Kosta,24.7
2021,,Urola Kosta,,Por 10.000,Urola Kosta,17.7
2022,Araba/Álava,,,Por 10.000,Araba/Álava,41.6
2023,Araba/Álava,,,Por 10.000,Araba/Álava,47.7
2020,Araba/Álava,,,Por 10.000,Araba/Álava,33.2
2021,Araba/Álava,,,Por 10.000,Araba/Álava,34.0
2019,Araba/Álava,,,Por 10.000,Araba/Álava,37.4
2023,Bizkaia,,,Por 10.000,Bizkaia,43.2
2019,Bizkaia,,,Por 10.000,Bizkaia,37.5
2022,Bizkaia,,,Por 10.000,Bizkaia,39.7
2021,Bizkaia,,,Por 10.000,Bizkaia,35.7
2020,Bizkaia,,,Por 10.000,Bizkaia,35.9
2022,Gipuzkoa,,,Por 10.000,Gipuzkoa,39.6
2023,Gipuzkoa,,,Por 10.000,Gipuzkoa,39.0
2020,Gipuzkoa,,,Por 10.000,Gipuzkoa,30.5
2021,Gipuzkoa,,,Por 10.000,Gipuzkoa,32.4
2019,Gipuzkoa,,,Por 10.000,Gipuzkoa,33.5
